    0.1000  8.0008112  9.4993388  9.5003408  9.7783444  9.7783878  9.8613566  9.8613583  9.9478960  9.9478986  9.9979814  9.9979827
    0.5000  0.2738648  1.4832183  1.5076597  1.7779999  1.7790705  1.8613072  1.8613500  1.9479170  1.9479806  1.9980031  1.9980364
    1.0000 -0.4608834  0.4334352  0.5259157  0.7769508  0.7810858  0.8611447  0.8613220  0.9479839  0.9482337  0.9980715  0.9982027
    1.5000 -0.5728401  0.0492892  0.2148886  0.4419564  0.4507701  0.5275139  0.5279362  0.6147627  0.6153158  0.6648522  0.6651428
    2.0000 -0.5930956 -0.1583627  0.0708006  0.2731051  0.2877395  0.3603782  0.3611883  0.4482556  0.4492217  0.4983446  0.4988539
    2.5000 -0.5831272 -0.2778975 -0.0081293  0.1704733  0.1915807  0.2596963  0.2610792  0.3484668  0.3499449  0.3985496  0.3993335
    3.0000 -0.5724708 -0.3573626 -0.0559972  0.1007691  0.1285280  0.1921004  0.1942842  0.2820682  0.2841448  0.3321355  0.3332454
    3.5000 -0.5550767 -0.3992699 -0.0873840  0.0497364  0.0838834  0.1432892  0.1465344  0.2347794  0.2375274  0.2848182  0.2863005
    4.0000 -0.5445216 -0.4323383 -0.1095095  0.0103108  0.0502705  0.1061322  0.1107104  0.1994631  0.2029409  0.2494570  0.2513522
    4.5000 -0.5354828 -0.4535602 -0.1262747 -0.0213087  0.0238212  0.0767034  0.0828714  0.1721560  0.1764080  0.2220855  0.2244281
    5.0000 -0.5309005 -0.4723325 -0.1398530 -0.0472674  0.0024720  0.0526892  0.0606650  0.1504818  0.1555384  0.2003245  0.2031429
    5.5000 -0.5222305 -0.4802712 -0.1513915 -0.0688304 -0.0149826  0.0326575  0.0426031  0.1329291  0.1388082  0.1826606  0.1859769
    6.5000 -0.5096019 -0.4915156 -0.1701054 -0.1017019 -0.0411781  0.0011644  0.0152724  0.1064694  0.1140009  0.1559000  0.1602545
    7.0000 -0.5037652 -0.4954461 -0.1775194 -0.1139729 -0.0509304 -0.0113333  0.0048365  0.0963670  0.1047087  0.1456068  0.1504898
    7.5000 -0.4942990 -0.4931039 -0.1836827 -0.1239527 -0.0589396 -0.0221108 -0.0039671  0.0878173  0.0969476  0.1368396  0.1422504
    8.0000 -0.4910429 -0.4860991 -0.1886456 -0.1319456 -0.0654809 -0.0313983 -0.0114111  0.0805451  0.0904357  0.1293240  0.1352570
