   0.0000000000000000        0.0000000000000000     
   1.0000000000000000E-002   6.0796784212461503E-007
   2.0000000000000000E-002   5.7390516046076242E-007
   2.9999999999999999E-002  -9.2979821906096760E-007
   4.0000000000000001E-002  -1.3494192085109499E-006
   5.0000000000000003E-002  -2.4947047691234009E-007
   5.9999999999999998E-002   1.2546637625416986E-006
   7.0000000000000007E-002   1.9714214109648305E-006
   8.0000000000000002E-002   1.4448819651893013E-006
   8.9999999999999997E-002   7.0990828609908418E-009
  0.10000000000000001       -1.5856536799007540E-006
  0.11000000000000000       -2.5894375793084117E-006
  0.12000000000000000       -2.5767354273475483E-006
  0.13000000000000000       -1.5424021814725654E-006
  0.14000000000000001        1.6062894617936660E-007
  0.14999999999999999        1.9851744578750732E-006
  0.16000000000000000        3.3779192332245286E-006
  0.17000000000000001        3.9341402048519117E-006
  0.17999999999999999        3.4871691552136089E-006
  0.19000000000000000        2.1253748641410982E-006
  0.20000000000000001        1.4782514371087635E-007
  0.20999999999999999       -2.0197793796539107E-006
  0.22000000000000000       -3.9242567656450550E-006
  0.23000000000000001       -5.1770926543948560E-006
  0.23999999999999999       -5.5234821005576861E-006
  0.25000000000000000       -4.8795224129585593E-006
  0.26000000000000001       -3.3359316042638198E-006
  0.27000000000000002       -1.1324499779137896E-006
  0.28000000000000003        1.3890297885801270E-006
  0.28999999999999998        3.8426863018679901E-006
  0.29999999999999999        5.8583698620163095E-006
  0.31000000000000000        7.1339553195454342E-006
  0.32000000000000001        7.4740979054087193E-006
  0.33000000000000002        6.8117489722838040E-006
  0.34000000000000002        5.2114968238798961E-006
  0.35000000000000003        2.8561754336538722E-006
  0.35999999999999999        2.0010522020764238E-008
  0.37000000000000000       -2.9672619391407774E-006
  0.38000000000000000       -5.7603787598269943E-006
  0.39000000000000001       -8.0378292210464313E-006
  0.40000000000000002       -9.5362446848371567E-006
  0.41000000000000003       -1.0076681843665379E-005
  0.41999999999999998       -9.5807525456218890E-006
  0.42999999999999999       -8.0757754408198149E-006
  0.44000000000000000       -5.6892746114604719E-006
  0.45000000000000001       -2.6341303668965655E-006
  0.46000000000000002        8.1356846873068990E-007
  0.47000000000000003        4.3414475148109610E-006
  0.47999999999999998        7.6298234159081109E-006
  0.48999999999999999        1.0380070688191510E-005
  0.50000000000000000        1.2339992725016691E-005
  0.51000000000000001        1.3324257048622140E-005
  0.52000000000000002        1.3228513482224198E-005
  0.53000000000000003        1.2036427407519880E-005
  0.54000000000000004        9.8194746946724015E-006
  0.55000000000000004        6.7299134001837825E-006
  0.56000000000000005        2.9878325381858874E-006
  0.57000000000000006       -1.1364464048502530E-006
  0.57999999999999996       -5.3430894150310937E-006
  0.58999999999999997       -9.3249453745847127E-006
  0.59999999999999998       -1.2789575899969447E-005
  0.60999999999999999       -1.5479595787362606E-005
  0.62000000000000000       -1.7190011010095660E-005
  0.63000000000000000       -1.7781522619179474E-005
  0.64000000000000001       -1.7189092027285329E-005
  0.65000000000000002       -1.5425410854004652E-005
  0.66000000000000003       -1.2579262995785320E-005
  0.67000000000000004       -8.8090867098524464E-006
  0.68000000000000005       -4.3323227585007758E-006
  0.69000000000000006        5.8864222563645879E-007
  0.70000000000000007        5.6629687670233693E-006
  0.70999999999999996        1.0589234438317908E-005
  0.71999999999999997        1.5073597946943573E-005
  0.72999999999999998        1.8847215720919986E-005
  0.73999999999999999        2.1681967297014705E-005
  0.75000000000000000        2.3403691260528401E-005
  0.76000000000000001        2.3902315115601790E-005
  0.77000000000000002        2.3138468063859377E-005
  0.78000000000000003        2.1146382819521126E-005
  0.79000000000000004        1.8033109329066842E-005
  0.80000000000000004        1.3974268690566179E-005
  0.81000000000000005        9.2067601906445754E-006
  0.82000000000000006        4.0189906145317851E-006
  0.83000000000000007       -1.2606827985928192E-006
  0.83999999999999997       -6.2765196757964594E-006
  0.84999999999999998       -1.0658152212750628E-005
  0.85999999999999999       -1.4032699878134502E-005
  0.87000000000000000       -1.6035442234885157E-005
  0.88000000000000000       -1.6318309605694504E-005
  0.89000000000000001       -1.4555538997307455E-005
  0.90000000000000002       -1.0445951543664334E-005
  0.91000000000000003       -3.7114313044546879E-006
  0.92000000000000004        5.9086830354949038E-006
  0.93000000000000005        1.8667448634910464E-005
  0.94000000000000006        3.4824437188933727E-005
  0.95000000000000007        5.4664028604566771E-005
  0.95999999999999996        7.8517681368414240E-005
  0.96999999999999997        1.0678989397878630E-004
  0.97999999999999998        1.3998750464919941E-004
  0.98999999999999999        1.7875193073394385E-004
   1.0000000000000000        2.2389392519380277E-004
   1.0100000000000000        2.7643042402244051E-004
   1.0200000000000000        3.3762307407506867E-004
   1.0300000000000000        4.0901806254706267E-004
   1.0400000000000000        4.9248691414985292E-004
   1.0500000000000000        5.9026797603566744E-004
   1.0600000000000001        7.0500836966993856E-004
   1.0700000000000001        8.3980624893343096E-004
   1.0800000000000001        9.9825326063572714E-004
   1.0900000000000001        1.1844771534463595E-003
   1.1000000000000001        1.4031845204986167E-003
   1.1100000000000001        1.6597036865986909E-003
   1.1200000000000001        1.9600277607414352E-003
   1.1300000000000001        2.3108578668172889E-003
   1.1400000000000001        2.7196465391284936E-003
   1.1500000000000001        3.1946412244667410E-003
   1.1599999999999999        3.7449277697462770E-003
   1.1699999999999999        4.3804736949172680E-003
   1.1799999999999999        5.1121709572318529E-003
   1.1899999999999999        5.9518778076118580E-003
   1.2000000000000000        6.9124592261494422E-003
   1.2100000000000000        8.0078253052994451E-003
   1.2200000000000000        9.2529668301122234E-003
   1.2300000000000000        1.0663987189036380E-002
   1.2400000000000000        1.2258129640602107E-002
   1.2500000000000000        1.4053798864837421E-002
   1.2600000000000000        1.6070575647497948E-002
   1.2700000000000000        1.8329223483752058E-002
   1.2800000000000000        2.0851685849093280E-002
   1.2900000000000000        2.3661072871693820E-002
   1.3000000000000000        2.6781636154328100E-002
   1.3100000000000001        3.0238730536928802E-002
   1.3200000000000001        3.4058761663657851E-002
   1.3300000000000001        3.8269118321248040E-002
   1.3400000000000001        4.2898088647798656E-002
   1.3500000000000001        4.7974759471938487E-002
   1.3600000000000001        5.3528898229452303E-002
   1.3700000000000001        5.9590817115589619E-002
   1.3800000000000001        6.6191219363265760E-002
   1.3900000000000001        7.3361027786674388E-002
   1.4000000000000001        8.1131195992430183E-002
   1.4099999999999999        8.9532502931965033E-002
   1.4199999999999999        9.8595331744883136E-002
   1.4299999999999999       0.10834943411863431     
   1.4399999999999999       0.11882368166037641     
   1.4500000000000000       0.13004580603750018     
   1.4600000000000000       0.14204212988934217     
   1.4700000000000000       0.15483729073968860     
   1.4800000000000000       0.16845396034362214     
   1.4900000000000000       0.18291256207934178     
   1.5000000000000000       0.19823098914239601     
   1.5100000000000000       0.21442432641356424     
   1.5200000000000000       0.23150457894993576     
   1.5300000000000000       0.24948041008998412     
   1.5400000000000000       0.26835689216631392     
   1.5500000000000000       0.28813527278381051     
   1.5600000000000001       0.30881275954616444     
   1.5700000000000001       0.33038232600080397     
   1.5800000000000001       0.35283254142242026     
   1.5900000000000001       0.37614742687025310     
   1.6000000000000001       0.40030633973640412     
   1.6100000000000001       0.42528388875445577     
   1.6200000000000001       0.45104988116271860     
   1.6300000000000001       0.47756930341808601     
   1.6400000000000001       0.50480233653855289     
   1.6500000000000001       0.53270440681905451     
   1.6600000000000001       0.56122627232061406     
   1.6699999999999999       0.59031414518124870     
   1.6799999999999999       0.61990984944303273     
   1.6899999999999999       0.64995101373756026     
   1.7000000000000000       0.68037129782604711     
   1.7100000000000000       0.71110065165460479     
   1.7200000000000000       0.74206560526381027     
   1.7300000000000000       0.77318958758818068     
   1.7400000000000000       0.80439327189905685     
   1.7500000000000000       0.83559494538670298     
   1.7600000000000000       0.86671090014687457     
   1.7700000000000000       0.89765584263602938     
   1.7800000000000000       0.92834331848961649     
   1.7900000000000000       0.95868614946104047     
   1.8000000000000000       0.98859687913592309     
   1.8100000000000001        1.0179882240078328     
   1.8200000000000001        1.0467735264679505     
   1.8300000000000001        1.0748672062619182     
   1.8400000000000001        1.1021852070016620     
   1.8500000000000001        1.1286454343875918     
   1.8600000000000001        1.1541681828953736     
   1.8700000000000001        1.1786765478103935     
   1.8800000000000001        1.2020968196494064     
   1.8900000000000001        1.2243588581911384     
   1.9000000000000001        1.2453964435426255     
   1.9100000000000001        1.2651476018937726     
   1.9199999999999999        1.2835549038557303     
   1.9299999999999999        1.3005657335365386     
   1.9399999999999999        1.3161325267770110     
   1.9500000000000000        1.3302129772479621     
   1.9600000000000000        1.3427702093936993     
   1.9700000000000000        1.3537729174930062     
   1.9800000000000000        1.3631954703950326     
   1.9900000000000000        1.3710179817704020     
   2.0000000000000000        1.3772263459950689     
   2.0100000000000002        1.3818122400532946     
   2.0200000000000000        1.3847730921042651     
   2.0300000000000002        1.3861120176021646     
   2.0400000000000000        1.3858377240901003     
   2.0499999999999998        1.3839643860022162     
   2.0600000000000001        1.3805114910044558     
   2.0699999999999998        1.3755036595811527     
   2.0800000000000001        1.3689704397312725     
   2.0899999999999999        1.3609460787737298     
   2.1000000000000001        1.3514692743753096     
   2.1099999999999999        1.3405829070071620     
   2.1200000000000001        1.3283337561063533     
   2.1299999999999999        1.3147722022680857     
   2.1400000000000001        1.2999519178218002     
   2.1499999999999999        1.2839295481516726     
   2.1600000000000001        1.2667643861091900     
   2.1699999999999999        1.2485180418338564     
   2.1800000000000002        1.2292541102484706     
   2.1899999999999999        1.2090378384292551     
   2.2000000000000002        1.1879357949694092     
   2.2100000000000000        1.1660155433591499     
   2.2200000000000002        1.1433453212971292     
   2.2300000000000000        1.1199937277290306     
   2.2400000000000002        1.0960294192806304     
   2.2500000000000000        1.0715208176161364     
   2.2600000000000002        1.0465358291099058     
   2.2700000000000000        1.0211415780721933     
   2.2800000000000002       0.99540415461880793     
   2.2900000000000000       0.96938837812212497     
   2.3000000000000003       0.94315757702806724     
   2.3100000000000001       0.91677338567188060     
   2.3199999999999998       0.89029555857597764     
   2.3300000000000001       0.86378180256710646     
   2.3399999999999999       0.83728762690855041     
   2.3500000000000001       0.81086621150713456     
   2.3599999999999999       0.78456829312525267     
   2.3700000000000001       0.75844206940581627     
   2.3799999999999999       0.73253312040355212     
   2.3900000000000001       0.70688434721004878     
   2.3999999999999999       0.68153592716281708     
   2.4100000000000001       0.65652528504069063     
   2.4199999999999999       0.63188707956945933     
   2.4300000000000002       0.60765320449274507     
   2.4399999999999999       0.58385280340395929     
   2.4500000000000002       0.56051229748551412     
   2.4600000000000000       0.53765542526137566     
   2.4700000000000002       0.51530329343808123     
   2.4800000000000000       0.49347443788745965     
   2.4900000000000002       0.47218489381093959     
   2.5000000000000000       0.45144827412025612     
   2.5100000000000002       0.43127585507197425     
   2.5200000000000000       0.41167666820319460     
   2.5300000000000002       0.39265759763238972     
   2.5400000000000000       0.37422348181211684     
   2.5500000000000003       0.35637721884871831     
   2.5600000000000001       0.33911987453743386     
   2.5699999999999998       0.32245079229907408     
   2.5800000000000001       0.30636770424589815     
   2.5899999999999999       0.29086684264896856     
   2.6000000000000001       0.27594305112650347     
   2.6099999999999999       0.26158989492202478     
   2.6200000000000001       0.24779976969174941     
   2.6299999999999999       0.23456400827236165     
   2.6400000000000001       0.22187298495231855     
   2.6499999999999999       0.20971621682187530     
   2.6600000000000001       0.19808246182852879     
   2.6699999999999999       0.18695981321522906     
   2.6800000000000002       0.17633579006805389     
   2.6899999999999999       0.16619742374787891     
   2.7000000000000002       0.15653134002643532     
   2.7100000000000000       0.14732383679096342     
   2.7200000000000002       0.13856095722307035     
   2.7300000000000000       0.13022855839632103     
   2.7400000000000002       0.12231237527328985     
   2.7500000000000000       0.11479808011628118     
   2.7600000000000002       0.10767133735649859     
   2.7700000000000000       0.10091785399416307     
   2.7800000000000002        9.4523425626875726E-002
   2.7900000000000000        8.8473978225431835E-002
   2.8000000000000003        8.2755605795369586E-002
   2.8100000000000001        7.7354604078816364E-002
   2.8199999999999998        7.2257500464800881E-002
   2.8300000000000001        6.7451080287206366E-002
   2.8399999999999999        6.2922409698083437E-002
   2.8500000000000001        5.8658855310261195E-002
   2.8599999999999999        5.4648100807225541E-002
   2.8700000000000001        5.0878160720230214E-002
   2.8799999999999999        4.7337391572764904E-002
   2.8900000000000001        4.4014500590920401E-002
   2.8999999999999999        4.0898552175124100E-002
   2.9100000000000001        3.7978972324260299E-002
   2.9199999999999999        3.5245551197559885E-002
   2.9300000000000002        3.2688443992979585E-002
   2.9399999999999999        3.0298170313277917E-002
   2.9500000000000002        2.8065612182759582E-002
   2.9600000000000000        2.5982010868890102E-002
   2.9700000000000002        2.4038962653782879E-002
   2.9800000000000000        2.2228413691087568E-002
   2.9900000000000002        2.0542654074185766E-002
   3.0000000000000000        1.8974311231927856E-002
   3.0100000000000002        1.7516342758538965E-002
   3.0200000000000000        1.6162028774875971E-002
   3.0300000000000002        1.4904963909012031E-002
   3.0400000000000000        1.3739048975225663E-002
   3.0500000000000003        1.2658482421958633E-002
   3.0600000000000001        1.1657751611216011E-002
   3.0700000000000003        1.0731623984256906E-002
   3.0800000000000001        9.8751381613130327E-003
   3.0899999999999999        9.0835950164756662E-003
   3.1000000000000001        8.3525487628441052E-003
   3.1099999999999999        7.6777980775242531E-003
   3.1200000000000001        7.0553772911175266E-003
   3.1299999999999999        6.4815476619197350E-003
   3.1400000000000001        5.9527887511743524E-003
   3.1499999999999999        5.4657899123472910E-003
   3.1600000000000001        5.0174419045034531E-003
   3.1699999999999999        4.6048286374442146E-003
   3.1800000000000002        4.2252190542676786E-003
   3.1899999999999999        3.8760591554239054E-003
   3.2000000000000002        3.5549641670970899E-003
   3.2100000000000000        3.2597108558553951E-003
   3.2200000000000002        2.9882299908854551E-003
   3.2300000000000000        2.7385989547831133E-003
   3.2400000000000002        2.5090345037247289E-003
   3.2500000000000000        2.2978856778927063E-003
   3.2600000000000002        2.1036268632149526E-003
   3.2700000000000000        1.9248510057888045E-003
   3.2800000000000002        1.7602629807440600E-003
   3.2900000000000000        1.6086731177388221E-003
   3.3000000000000003        1.4689908857571504E-003
   3.3100000000000001        1.3402187403343444E-003
   3.3200000000000003        1.2214461367947552E-003
   3.3300000000000001        1.1118437134821084E-003
   3.3399999999999999        1.0106576493274413E-003
   3.3500000000000001        9.1720420036042033E-004
   3.3599999999999999        8.3086441998377709E-004
   3.3700000000000001        7.5107906792433671E-004
   3.3799999999999999        6.7734371278728109E-004
   3.3900000000000001        6.0920403304637934E-004
   3.3999999999999999        5.4625132110992227E-004
   3.4100000000000001        4.8811819480388646E-004
   3.4199999999999999        4.3447452021812798E-004
   3.4300000000000002        3.8502354937869826E-004
   3.4399999999999999        3.3949827562504371E-004
   3.4500000000000002        2.9765800892068029E-004
   3.4600000000000000        2.5928517259502724E-004
   3.4700000000000002        2.2418232222444503E-004
   3.4800000000000000        1.9216938652425958E-004
   3.4900000000000002        1.6308112923700590E-004
   3.5000000000000000        1.3676483010164491E-004
   3.5100000000000002        1.1307818205584364E-004
   3.5200000000000000        9.1887400903362343E-005
   3.5300000000000002        7.3065542744201327E-005
   3.5400000000000000        5.6491023575784478E-005
   3.5500000000000003        4.2046334582554794E-005
   3.5600000000000001        2.9616945807647132E-005
   3.5700000000000003        1.9090390106288630E-005
   3.5800000000000001        1.0355518551591955E-005
   3.5899999999999999        3.3019178008904979E-006
   3.6000000000000001       -2.1805206641229952E-006
   3.6099999999999999       -6.2018900252941631E-006
   3.6200000000000001       -8.8724273745444206E-006
   3.6299999999999999       -1.0302554097746592E-005
   3.6400000000000001       -1.0602809030984888E-005
   3.6499999999999999       -9.8836861884062635E-006
   3.6600000000000001       -8.2553889335207230E-006
   3.6699999999999999       -5.8275124539377890E-006
   3.6800000000000002       -2.7086662886431209E-006
   3.6899999999999999        9.9395153372697151E-007
   3.7000000000000002        5.1750174637910355E-006
   3.7100000000000000        9.7315715825478827E-006
   3.7200000000000002        1.4563522438838035E-005
   3.7300000000000000        1.9574157581453663E-005
   3.7400000000000002        2.4670650349811347E-005
   3.7500000000000000        2.9764554116119236E-005
   3.7600000000000002        3.4772275833041627E-005
   3.7700000000000000        3.9615521458382523E-005
   3.7800000000000002        4.4221706571231891E-005
   3.7900000000000000        4.8524326269994750E-005
   3.8000000000000003        5.2463279234907172E-005
   3.8100000000000001        5.5985141642186329E-005
   3.8200000000000003        5.9043387429310615E-005
   3.8300000000000001        6.1598552212575690E-005
   3.8399999999999999        6.3618338958182851E-005
   3.8500000000000001        6.5077664285216000E-005
   3.8599999999999999        6.5958645035407582E-005
   3.8700000000000001        6.6250525468597045E-005
   3.8799999999999999        6.5949546135713721E-005
   3.8900000000000001        6.5058756132299473E-005
   3.8999999999999999        6.3587771037515261E-005
   3.9100000000000001        6.1552479408195511E-005
   3.9199999999999999        5.8974701194670620E-005
   3.9300000000000002        5.5881801904545001E-005
   3.9399999999999999        5.2306266725637593E-005
   3.9500000000000002        4.8285239164401482E-005
   3.9600000000000000        4.3860029023337495E-005
   3.9700000000000002        3.9075594764623099E-005
   3.9800000000000000        3.3980005458263964E-005
   3.9900000000000002        2.8623887616233674E-005
   4.0000000000000000        2.3059862251358981E-005
   4.0099999999999998        1.7341977484357561E-005
   4.0200000000000005        1.1525141956852993E-005
   4.0300000000000002        5.6645641835343746E-006
   4.0400000000000000       -1.8479718536542057E-007
   4.0499999999999998       -5.9687674387855707E-006
   4.0600000000000005       -1.1634469712370576E-005
   4.0700000000000003       -1.7130814517260958E-005
   4.0800000000000001       -2.2408961002904661E-005
   4.0899999999999999       -2.7422746416924430E-005
   4.0999999999999996       -3.2129080603363980E-005
   4.1100000000000003       -3.6488302776966958E-005
   4.1200000000000001       -4.0464498222643809E-005
   4.1299999999999999       -4.4025772995462072E-005
   4.1399999999999997       -4.7144485122480478E-005
   4.1500000000000004       -4.9797431244486956E-005
   4.1600000000000001       -5.1965988063944764E-005
   4.1699999999999999       -5.3636208392622195E-005
   4.1799999999999997       -5.4798872006820992E-005
   4.1900000000000004       -5.5449491921153216E-005
   4.2000000000000002       -5.5588277079000671E-005
   4.2100000000000000       -5.5220052824249244E-005
   4.2199999999999998       -5.4354140862102698E-005
   4.2300000000000004       -5.3004200739948809E-005
   4.2400000000000002       -5.1188035168139619E-005
   4.2500000000000000       -4.8927361768057162E-005
   4.2599999999999998       -4.6247554067898746E-005
   4.2700000000000005       -4.3177354766977727E-005
   4.2800000000000002       -3.9748564462906137E-005
   4.2900000000000000       -3.5995709169399952E-005
   4.2999999999999998       -3.1955690060245275E-005
   4.3100000000000005       -2.7667418940541632E-005
   4.3200000000000003       -2.3171442989847101E-005
   4.3300000000000001       -1.8509562324187125E-005
   4.3399999999999999       -1.3724443897595274E-005
   4.3500000000000005       -8.8592352125615431E-006
   4.3600000000000003       -3.9571812191892947E-006
   4.3700000000000001        9.3875232513202044E-007
   4.3799999999999999        5.7862459010852489E-006
   4.3899999999999997        1.0543980706051826E-005
   4.4000000000000004        1.5171977772952855E-005
   4.4100000000000001        1.9631919138288929E-005
   4.4199999999999999        2.3887448687733943E-005
   4.4299999999999997        2.7904450537649471E-005
   4.4400000000000004        3.1651303056078536E-005
   4.4500000000000002        3.5099106881377708E-005
   4.4600000000000000        3.8221885558639357E-005
   4.4699999999999998        4.0996757676685842E-005
   4.4800000000000004        4.3404079661844863E-005
   4.4900000000000002        4.5427558648639024E-005
   4.5000000000000000        4.7054335117265122E-005
   4.5099999999999998        4.8275035246829097E-005
   4.5200000000000005        4.9083793190669339E-005
   4.5300000000000002        4.9478243724450753E-005
   4.5400000000000000        4.9459485959109408E-005
   4.5499999999999998        4.9032019027991497E-005
   4.5600000000000005        4.8203650875909273E-005
   4.5700000000000003        4.6985381469841343E-005
   4.5800000000000001        4.5391261931890612E-005
   4.5899999999999999        4.3438231259187994E-005
   4.6000000000000005        4.1145932439741738E-005
   4.6100000000000003        3.8536509900127443E-005
   4.6200000000000001        3.5634390327292540E-005
   4.6299999999999999        3.2466048996557588E-005
   4.6399999999999997        2.9059763803507781E-005
   4.6500000000000004        2.5445359247497901E-005
   4.6600000000000001        2.1653942644712065E-005
   4.6699999999999999        1.7717634854612152E-005
   4.6799999999999997        1.3669297798345368E-005
   4.6900000000000004        9.5422610200044670E-006
   4.7000000000000002        5.3700494945849292E-006
   4.7100000000000000        1.1861148287784150E-006
   4.7199999999999998       -2.9764280779404701E-006
   4.7300000000000004       -7.0850569358627804E-006
   4.7400000000000002       -1.1108088657781074E-005
   4.7500000000000000       -1.5014914889200378E-005
   4.7599999999999998       -1.8776224846360045E-005
   4.7700000000000005       -2.2364213974225614E-005
   4.7800000000000002       -2.5752777079205836E-005
   4.7900000000000000       -2.8917684747220125E-005
   4.7999999999999998       -3.1836742012078589E-005
   4.8100000000000005       -3.4489928405524321E-005
   4.8200000000000003       -3.6859518681748804E-005
   4.8300000000000001       -3.8930183678272721E-005
   4.8399999999999999       -4.0689070940657086E-005
   4.8500000000000005       -4.2125864901790460E-005
   4.8600000000000003       -4.3232826573554281E-005
   4.8700000000000001       -4.4004812861792546E-005
   4.8799999999999999       -4.4439275775401592E-005
   4.8899999999999997       -4.4536241943270413E-005
   4.9000000000000004       -4.4298272998469163E-005
   4.9100000000000001       -4.3730407518877662E-005
   4.9199999999999999       -4.2840085341533038E-005
   4.9299999999999997       -4.1637055180203215E-005
   4.9400000000000004       -4.0133266584490306E-005
   4.9500000000000002       -3.8342747371150224E-005
   4.9600000000000000       -3.6281467744088864E-005
   4.9699999999999998       -3.3967192391682347E-005
   4.9800000000000004       -3.1419321911585155E-005
   4.9900000000000002       -2.8658724961770939E-005
   5.0000000000000000       -2.5707562576978241E-005
   5.0099999999999998       -2.2589106111882969E-005
   5.0200000000000005       -1.9327550291717782E-005
   5.0300000000000002       -1.5947822848668392E-005
   5.0400000000000000       -1.2475392220359628E-005
   5.0499999999999998       -8.9360747615662687E-006
   5.0600000000000005       -5.3558428983125967E-006
   5.0700000000000003       -1.7606356061095950E-006
   5.0800000000000001        1.8238274447633815E-006
   5.0899999999999999        5.3722267993943153E-006
   5.1000000000000005        8.8598179660617381E-006
   5.1100000000000003        1.2262598857773408E-005
   5.1200000000000001        1.5557468863889835E-005
   5.1299999999999999        1.8722378570141369E-005
   5.1399999999999997        2.1736469238453496E-005
   5.1500000000000004        2.4580201250137335E-005
   5.1600000000000001        2.7235470813953470E-005
   5.1699999999999999        2.9685714341818314E-005
   5.1799999999999997        3.1915999996800612E-005
   5.1900000000000004        3.3913106021105468E-005
   5.2000000000000002        3.5665585555349039E-005
   5.2100000000000000        3.7163817764913779E-005
   5.2199999999999998        3.8400045189951910E-005
   5.2300000000000004        3.9368397335933070E-005
   5.2400000000000002        4.0064900620441114E-005
   5.2500000000000000        4.0487474884900189E-005
   5.2599999999999998        4.0635916771107156E-005
   5.2700000000000005        4.0511870350130913E-005
   5.2800000000000002        4.0118785469828120E-005
   5.2900000000000000        3.9461864366323038E-005
   5.2999999999999998        3.8547997153714412E-005
   5.3100000000000005        3.7385686870397008E-005
   5.3200000000000003        3.5984964820644161E-005
   5.3300000000000001        3.4357296998270951E-005
   5.3399999999999999        3.2515482427805132E-005
   5.3500000000000005        3.0473544292732831E-005
   5.3600000000000003        2.8246614753487672E-005
   5.3700000000000001        2.5850814381023258E-005
   5.3799999999999999        2.3303127147712223E-005
   5.3899999999999997        2.0621271928565919E-005
   5.4000000000000004        1.7823571466420821E-005
   5.4100000000000001        1.4928819753641546E-005
   5.4199999999999999        1.1956148769305242E-005
   5.4299999999999997        8.9248954970392633E-006
   5.4400000000000004        5.8544701253439102E-006
   5.4500000000000002        2.7642263012700635E-006
   5.4600000000000000       -3.2666572035760517E-007
   5.4699999999999998       -3.3993422332624735E-006
   5.4800000000000004       -6.4353647838656432E-006
   5.4900000000000002       -9.4168337113354176E-006
   5.5000000000000000       -1.2326495866796568E-005
   5.5099999999999998       -1.5147845905503827E-005
   5.5200000000000005       -1.7865220603660203E-005
   5.5300000000000002       -2.0463885714314673E-005
   5.5400000000000000       -2.2930114932981839E-005
   5.5499999999999998       -2.5251260611506618E-005
   5.5600000000000005       -2.7415815918993750E-005
   5.5700000000000003       -2.9413468214773509E-005
   5.5800000000000001       -3.1235143462965969E-005
   5.5899999999999999       -3.2873041580622831E-005
   5.6000000000000005       -3.4320662676342203E-005
   5.6100000000000003       -3.5572824197763530E-005
   5.6200000000000001       -3.6625669066116471E-005
   5.6299999999999999       -3.7476664935288625E-005
   5.6399999999999997       -3.8124594768878364E-005
   5.6500000000000004       -3.8569538981760559E-005
   5.6600000000000001       -3.8812849444027312E-005
   5.6699999999999999       -3.8857115691630251E-005
   5.6799999999999997       -3.8706123732756034E-005
   5.6900000000000004       -3.8364807879828330E-005
   5.7000000000000002       -3.7839196072043524E-005
   5.7100000000000000       -3.7136349186822704E-005
   5.7199999999999998       -3.6264294868040111E-005
   5.7300000000000004       -3.5231956421381765E-005
   5.7400000000000002       -3.4049077348463902E-005
   5.7500000000000000       -3.2726142107328446E-005
   5.7599999999999998       -3.1274293697968722E-005
   5.7700000000000005       -2.9705248679617200E-005
   5.7800000000000002       -2.8031210228864583E-005
   5.7900000000000000       -2.6264779848638873E-005
   5.7999999999999998       -2.4418868330615862E-005
   5.8100000000000005       -2.2506606567922712E-005
   5.8200000000000003       -2.0541256800619071E-005
   5.8300000000000001       -1.8536124861475549E-005
   5.8399999999999999       -1.6504473969950259E-005
   5.8500000000000005       -1.4459440600826943E-005
   5.8600000000000003       -1.2413952927691015E-005
   5.8700000000000001       -1.0380652314359782E-005
   5.8799999999999999       -8.3718182969144613E-006
   5.8899999999999997       -6.3992974664610390E-006
   5.9000000000000004       -4.4744366279445187E-006
   5.9100000000000001       -2.6080205762453147E-006
   5.9199999999999999       -8.1021478985920657E-007
   5.9299999999999997        9.0948669049918758E-007
   5.9400000000000004        2.5423079770491053E-006
   5.9500000000000002        4.0802324560636244E-006
   5.9600000000000000        5.5160381702687436E-006
   5.9699999999999998        6.8433273586520541E-006
   5.9800000000000004        8.0565500872071631E-006
   5.9900000000000002        9.1510219443577767E-006
   6.0000000000000000        1.0122935814844486E-005
