   0.0000000000000000        0.0000000000000000     
   1.0000000000000000E-002  -3.5121359780772882E-007
   2.0000000000000000E-002  -4.3128699447063209E-007
   2.9999999999999999E-002   5.4376702784079330E-007
   4.0000000000000001E-002   8.8199519254099699E-007
   5.0000000000000003E-002   2.2466254187890956E-007
   5.9999999999999998E-002  -7.4362954545603776E-007
   7.0000000000000007E-002  -1.2464213613567664E-006
   8.0000000000000002E-002  -9.6126465942386570E-007
   8.9999999999999997E-002  -7.4127718649184814E-008
  0.10000000000000001        9.4355460431291528E-007
  0.11000000000000000        1.6136108009996040E-006
  0.12000000000000000        1.6503256891486314E-006
  0.13000000000000000        1.0344845172113314E-006
  0.14000000000000001       -2.2285354847215699E-008
  0.14999999999999999       -1.1788082178893495E-006
  0.16000000000000000       -2.0833839742845729E-006
  0.17000000000000001       -2.4732878343333293E-006
  0.17999999999999999       -2.2337389262723900E-006
  0.19000000000000000       -1.4110540996904754E-006
  0.20000000000000001       -1.8655731559295673E-007
  0.20999999999999999        1.1753486595713114E-006
  0.22000000000000000        2.3894113219761092E-006
  0.23000000000000001        3.2079955136011119E-006
  0.23999999999999999        3.4654287541292049E-006
  0.25000000000000000        3.1024919800696546E-006
  0.26000000000000001        2.1698325662024304E-006
  0.27000000000000002        8.1276715186567374E-007
  0.28000000000000003       -7.5755401741633895E-007
  0.28999999999999998       -2.3004174390051473E-006
  0.29999999999999999       -3.5829662593873379E-006
  0.31000000000000000       -4.4133041078369036E-006
  0.32000000000000001       -4.6652295042174470E-006
  0.33000000000000002       -4.2922424170954202E-006
  0.34000000000000002       -3.3301694097065485E-006
  0.35000000000000003       -1.8892568826144228E-006
  0.35999999999999999       -1.3774214525739739E-007
  0.37000000000000000        1.7203419074899818E-006
  0.38000000000000000        3.4700509856732980E-006
  0.39000000000000001        4.9100892375834054E-006
  0.40000000000000002        5.8744101109533615E-006
  0.41000000000000003        6.2488258340298339E-006
  0.41999999999999998        5.9813224011124505E-006
  0.42999999999999999        5.0855415897192824E-006
  0.44000000000000000        3.6376124112852899E-006
  0.45000000000000001        1.7671299371372723E-006
  0.46000000000000002       -3.5645207523910374E-007
  0.47000000000000003       -2.5404487317676318E-006
  0.47999999999999998       -4.5868985481564185E-006
  0.48999999999999999       -6.3101853716547088E-006
  0.50000000000000000       -7.5528388185277590E-006
  0.51000000000000001       -8.1983010246026735E-006
  0.52000000000000002       -8.1797946521622920E-006
  0.53000000000000003       -7.4848087538748213E-006
  0.54000000000000004       -6.1551014877675734E-006
  0.55000000000000004       -4.2824725212578773E-006
  0.56000000000000005       -2.0008599178151942E-006
  0.57000000000000006        5.2445017609679503E-007
  0.57999999999999996        3.1095571876302299E-006
  0.58999999999999997        5.5656045606026421E-006
  0.59999999999999998        7.7123474786118834E-006
  0.60999999999999999        9.3906871107483644E-006
  0.62000000000000000        1.0473359270171053E-005
  0.63000000000000000        1.0873139630342721E-005
  0.64000000000000001        1.0548129955436968E-005
  0.65000000000000002        9.5039045089595312E-006
  0.66000000000000003        7.7925081366143702E-006
  0.67000000000000004        5.5084943791472913E-006
  0.68000000000000005        2.7823625459237943E-006
  0.69000000000000006       -2.2811118256641273E-007
  0.70000000000000007       -3.3480571808355271E-006
  0.70999999999999996       -6.3965647723989623E-006
  0.71999999999999997       -9.1979460150102620E-006
  0.72999999999999998       -1.1592580870111263E-005
  0.73999999999999999       -1.3446776432594487E-005
  0.75000000000000000       -1.4661164692593641E-005
  0.76000000000000001       -1.5177277198425277E-005
  0.77000000000000002       -1.4982063405783514E-005
  0.78000000000000003       -1.4110254769762228E-005
  0.79000000000000004       -1.2644611392441538E-005
  0.80000000000000004       -1.0714215598662158E-005
  0.81000000000000005       -8.4910913766740044E-006
  0.82000000000000006       -6.1855255900385360E-006
  0.83000000000000007       -4.0405428385145533E-006
  0.83999999999999997       -2.3260387451314749E-006
  0.84999999999999998       -1.3331054867702896E-006
  0.85999999999999999       -1.3690889571109618E-006
  0.87000000000000000       -2.7539005297652186E-006
  0.88000000000000000       -5.8180703420647815E-006
  0.89000000000000001       -1.0902976425859810E-005
  0.90000000000000002       -1.8363618430495182E-005
  0.91000000000000003       -2.8574229982993629E-005
  0.92000000000000004       -4.1936943817711837E-005
  0.93000000000000005       -5.8893642507538432E-005
  0.94000000000000006       -7.9941048462857560E-005
  0.95000000000000007       -1.0564903292186469E-004
  0.95999999999999996       -1.3668205750618843E-004
  0.96999999999999997       -1.7382360547632157E-004
  0.97999999999999998       -2.1800341440777977E-004
  0.98999999999999999       -2.7032728817878726E-004
   1.0000000000000000       -3.3210924390817217E-004
   1.0100000000000000       -4.0490573812282230E-004
   1.0200000000000000       -4.9055171478377621E-004
   1.0300000000000000       -5.9119822421131480E-004
   1.0400000000000000       -7.0935137442776916E-004
   1.0500000000000000       -8.4791239274827762E-004
   1.0600000000000001       -1.0102185932454896E-003
   1.0700000000000001       -1.2000850626318761E-003
   1.0800000000000001       -1.4218468908718438E-003
   1.0900000000000001       -1.6804017814167215E-003
   1.1000000000000001       -1.9812528775570671E-003
   1.1100000000000001       -2.3305516346129444E-003
   1.1200000000000001       -2.7351405515508792E-003
   1.1300000000000001       -3.2025955495855836E-003
   1.1400000000000001       -3.7412677493735723E-003
   1.1500000000000001       -4.3603243529419175E-003
   1.1599999999999999       -5.0697882824648523E-003
   1.1699999999999999       -5.8805761667286632E-003
   1.1799999999999999       -6.8045341993674289E-003
   1.1899999999999999       -7.8544713228028799E-003
   1.2000000000000000       -9.0441891206306090E-003
   1.2100000000000000       -1.0388507731518993E-002
   1.2200000000000000       -1.1903287032209093E-002
   1.2300000000000000       -1.3605442278637426E-002
   1.2400000000000000       -1.5512953345178774E-002
   1.2500000000000000       -1.7644866665108047E-002
   1.2600000000000000       -2.0021288952904805E-002
   1.2700000000000000       -2.2663371783034882E-002
   1.2800000000000000       -2.5593286112082555E-002
   1.2900000000000000       -2.8834185862894067E-002
   1.3000000000000000       -3.2410159741659991E-002
   1.3100000000000001       -3.6346170532055695E-002
   1.3200000000000001       -4.0667981204667428E-002
   1.3300000000000001       -4.5402067294446291E-002
   1.3400000000000001       -5.0575515132916853E-002
   1.3500000000000001       -5.6215905673840348E-002
   1.3600000000000001       -6.2351183819189332E-002
   1.3700000000000001       -6.9009513334332570E-002
   1.3800000000000001       -7.6219117634685876E-002
   1.3900000000000001       -8.4008106927845591E-002
   1.4000000000000001       -9.2404292402235078E-002
   1.4099999999999999      -0.10143498836226809     
   1.4199999999999999      -0.11112680341754018     
   1.4299999999999999      -0.12150542203608905     
   1.4399999999999999      -0.13259537796594656     
   1.4500000000000000      -0.14441982121157090     
   1.4600000000000000      -0.15700028041919839     
   1.4700000000000000      -0.17035642267458012     
   1.4800000000000000      -0.18450581284528864     
   1.4900000000000000      -0.19946367470535656     
   1.5000000000000000      -0.21524265616028385     
   1.5100000000000000      -0.23185260094384308     
   1.5200000000000000      -0.24930032918318965     
   1.5300000000000000      -0.26758942922480994     
   1.5400000000000000      -0.28672006308029718     
   1.5500000000000000      -0.30668878778789826     
   1.5600000000000001      -0.32748839489369092     
   1.5700000000000001      -0.34910777013594807     
   1.5800000000000001      -0.37153177526913156     
   1.5900000000000001      -0.39474115379157887     
   1.6000000000000001      -0.41871246214540803     
   1.6100000000000001      -0.44341802774082278     
   1.6200000000000001      -0.46882593492240698     
   1.6300000000000001      -0.49490003974504543     
   1.6400000000000001      -0.52160001416490331     
   1.6500000000000001      -0.54888141997945472     
   1.6600000000000001      -0.57669581257338443     
   1.6699999999999999      -0.60499087424737852     
   1.6799999999999999      -0.63371057662788477     
   1.6899999999999999      -0.66279537138100719     
   1.7000000000000000      -0.69218240818604515     
   1.7100000000000000      -0.72180577866684426     
   1.7200000000000000      -0.75159678473487901     
   1.7300000000000000      -0.78148422956967356     
   1.7400000000000000      -0.81139472925200529     
   1.7500000000000000      -0.84125304287571090     
   1.7600000000000000      -0.87098241879650862     
   1.7700000000000000      -0.90050495453279988     
   1.7800000000000000      -0.92974196771509576     
   1.7900000000000000      -0.95861437538848315     
   1.8000000000000000      -0.98704307890710874     
   1.8100000000000001       -1.0149493516211188     
   1.8200000000000001       -1.0422552265450695     
   1.8300000000000001       -1.0688838812120014     
   1.8400000000000001       -1.0947600169585696     
   1.8500000000000001       -1.1198102299530359     
   1.8600000000000001       -1.1439633713682043     
   1.8700000000000001       -1.1671508942143589     
   1.8800000000000001       -1.1893071844810132     
   1.8900000000000001       -1.2103698743894389     
   1.9000000000000001       -1.2302801357280477     
   1.9100000000000001       -1.2489829514280948     
   1.9199999999999999       -1.2664273637353931     
   1.9299999999999999       -1.2825666975426788     
   1.9399999999999999       -1.2973587576644585     
   1.9500000000000000       -1.3107659990595082     
   1.9600000000000000       -1.3227556692331459     
   1.9700000000000000       -1.3332999222797948     
   1.9800000000000000       -1.3423759042539847     
   1.9900000000000000       -1.3499658097826190     
   2.0000000000000000       -1.3560569100510149     
   2.0100000000000002       -1.3606415525081148     
   2.0200000000000000       -1.3637171328403548     
   2.0300000000000002       -1.3652860399576650     
   2.0400000000000000       -1.3653555749171504     
   2.0499999999999998       -1.3639378448791608     
   2.0600000000000001       -1.3610496333454019     
   2.0699999999999998       -1.3567122480686931     
   2.0800000000000001       -1.3509513481479654     
   2.0899999999999999       -1.3437967519298963     
   2.1000000000000001       -1.3352822274294698     
   2.1099999999999999       -1.3254452670557566     
   2.1200000000000001       -1.3143268484862831     
   2.1299999999999999       -1.3019711835734709     
   2.1400000000000001       -1.2884254571903455     
   2.1499999999999999       -1.2737395579302562     
   2.1600000000000001       -1.2579658025673388     
   2.1699999999999999       -1.2411586561617667     
   2.1800000000000002       -1.2233744496569305     
   2.1899999999999999       -1.2046710967658840     
   2.2000000000000002       -1.1851078118823584     
   2.2100000000000000       -1.1647448306785448     
   2.2200000000000002       -1.1436431349688898     
   2.2300000000000000       -1.1218641833272933     
   2.2400000000000002       -1.0994696488456974     
   2.2500000000000000       -1.0765211653162272     
   2.2600000000000002       -1.0530800830078806     
   2.2700000000000000       -1.0292072350938122     
   2.2800000000000002       -1.0049627156670722     
   2.2900000000000000      -0.98040567016307634     
   2.3000000000000003      -0.95559409888658298     
   2.3100000000000001      -0.93058467422100899     
   2.3199999999999998      -0.90543257197919191     
   2.3300000000000001      -0.88019131723844568     
   2.3399999999999999      -0.85491264488946017     
   2.3500000000000001      -0.82964637501933636     
   2.3599999999999999      -0.80444030314437698     
   2.3700000000000001      -0.77934010520879249     
   2.3799999999999999      -0.75438925717187233     
   2.3900000000000001      -0.72962896891872320     
   2.3999999999999999      -0.70509813214894279     
   2.4100000000000001      -0.68083328182367642     
   2.4199999999999999      -0.65686857068487459     
   2.4300000000000002      -0.63323575630101248     
   2.4399999999999999      -0.60996420004161289     
   2.4500000000000002      -0.58708087733804415     
   2.4600000000000000      -0.56461039855077599     
   2.4700000000000002      -0.54257503973294863     
   2.4800000000000000      -0.52099478255692178     
   2.4900000000000002      -0.49988736265394418     
   2.5000000000000000      -0.47926832560713861     
   2.5100000000000002      -0.45915108983414005     
   2.5200000000000000      -0.43954701559778514     
   2.5300000000000002      -0.42046547939064061     
   2.5400000000000000      -0.40191395295174481     
   2.5500000000000003      -0.38389808619098054     
   2.5600000000000001      -0.36642179331786306     
   2.5699999999999998      -0.34948734149654648     
   2.5800000000000001      -0.33309544137722330     
   2.5899999999999999      -0.31724533888528944     
   2.6000000000000001      -0.30193490768323311     
   2.6099999999999999      -0.28716074175582501     
   2.6200000000000001      -0.27291824760628980     
   2.6299999999999999      -0.25920173558943138     
   2.6400000000000001      -0.24600450994672871     
   2.6499999999999999      -0.23331895714783188     
   2.6600000000000001      -0.22113663218236015     
   2.6699999999999999      -0.20944834248511002     
   2.6800000000000002      -0.19824422921635224     
   2.6899999999999999      -0.18751384565671522     
   2.7000000000000002      -0.17724623251276789     
   2.7100000000000000      -0.16742998996482894     
   2.7200000000000002      -0.15805334632235049     
   2.7300000000000000      -0.14910422318447963     
   2.7400000000000002      -0.14057029703375995     
   2.7500000000000000      -0.13243905721949939     
   2.7600000000000002      -0.12469786031380260     
   2.7700000000000000      -0.11733398084777638     
   2.7800000000000002      -0.11033465845778199     
   2.7900000000000000      -0.10368714149190772     
   2.8000000000000003       -9.7378727145020036E-002
   2.8100000000000001       -9.1396798206876254E-002
   2.8199999999999998       -8.5728856521856148E-002
   2.8300000000000001       -8.0362553270990983E-002
   2.8399999999999999       -7.5285716197142721E-002
   2.8500000000000001       -7.0486373902572605E-002
   2.8599999999999999       -6.5952777354744585E-002
   2.8700000000000001       -6.1673418741195724E-002
   2.8799999999999999       -5.7637047817762077E-002
   2.8900000000000001       -5.3832685896444757E-002
   2.8999999999999999       -5.0249637619928234E-002
   2.9100000000000001       -4.6877500669260372E-002
   2.9199999999999999       -4.3706173549643089E-002
   2.9300000000000002       -4.0725861596745482E-002
   2.9399999999999999       -3.7927081342589708E-002
   2.9500000000000002       -3.5300663375938575E-002
   2.9600000000000000       -3.2837753827398043E-002
   2.9700000000000002       -3.0529814604197118E-002
   2.9800000000000000       -2.8368622493948167E-002
   2.9900000000000002       -2.6346267250713564E-002
   3.0000000000000000       -2.4455148770494303E-002
   3.0100000000000002       -2.2687973456899983E-002
   3.0200000000000000       -2.1037749871328618E-002
   3.0300000000000002       -1.9497783755564817E-002
   3.0400000000000000       -1.8061672508327707E-002
   3.0500000000000003       -1.6723299191060824E-002
   3.0600000000000001       -1.5476826132165314E-002
   3.0700000000000003       -1.4316688193006492E-002
   3.0800000000000001       -1.3237585753389118E-002
   3.0899999999999999       -1.2234477468838201E-002
   3.1000000000000001       -1.1302572846952930E-002
   3.1099999999999999       -1.0437324685348361E-002
   3.1200000000000001       -9.6344214092650479E-003
   3.1299999999999999       -8.8897793428251957E-003
   3.1400000000000001       -8.1995349441372940E-003
   3.1499999999999999       -7.5600370310115583E-003
   3.1600000000000001       -6.9678390209176764E-003
   3.1699999999999999       -6.4196912060146827E-003
   3.1800000000000002       -5.9125330815611122E-003
   3.1899999999999999       -5.4434857437997697E-003
   3.2000000000000002       -5.0098443714403449E-003
   3.2100000000000000       -4.6090708031672365E-003
   3.2200000000000002       -4.2387862221107634E-003
   3.2300000000000000       -3.8967639569605782E-003
   3.2400000000000002       -3.5809224083125676E-003
   3.2500000000000000       -3.2893181079331922E-003
   3.2600000000000002       -3.0201389178546516E-003
   3.2700000000000000       -2.7716973755798594E-003
   3.2800000000000002       -2.5424241911362238E-003
   3.2900000000000000       -2.3308619012764853E-003
   3.3000000000000003       -2.1356586857451980E-003
   3.3100000000000001       -1.9555623502061914E-003
   3.3200000000000003       -1.7894144801412274E-003
   3.3300000000000001       -1.6361447697628309E-003
   3.3399999999999999       -1.4947655297423900E-003
   3.3500000000000001       -1.3643663772913229E-003
   3.3599999999999999       -1.2441091118837811E-003
   3.3700000000000001       -1.1332227796278505E-003
   3.3799999999999999       -1.0309989289946345E-003
   3.3900000000000001       -9.3678706028906726E-004
   3.3999999999999999       -8.4999027088780179E-004
   3.4100000000000001       -7.7006109788582819E-004
   3.4199999999999999       -6.9649755936119953E-004
   3.4300000000000002       -6.2883939502692931E-004
   3.4399999999999999       -5.6666450654027710E-004
   3.4500000000000002       -5.0958559723666215E-004
   3.4600000000000000       -4.5724701051258547E-004
   3.4700000000000002       -4.0932176552320812E-004
   3.4800000000000000       -3.6550878829112390E-004
   3.4900000000000002       -3.2553033573077319E-004
   3.5000000000000000       -2.8912960951113200E-004
   3.5100000000000002       -2.5606855608354502E-004
   3.5200000000000000       -2.2612584862549581E-004
   3.5300000000000002       -1.9909504607693154E-004
   3.5400000000000000       -1.7478292390022838E-004
   3.5500000000000003       -1.5300797066192243E-004
   3.5600000000000001       -1.3359904404604595E-004
   3.5700000000000003       -1.1639417943847586E-004
   3.5800000000000001       -1.0123954380553593E-004
   3.5899999999999999       -8.7988527208429865E-005
   3.6000000000000001       -7.6500963964303009E-005
   3.6099999999999999       -6.6642475183276289E-005
   3.6200000000000001       -5.8283924185630569E-005
   3.6299999999999999       -5.1300976125535992E-005
   3.6400000000000001       -4.5573753036784403E-005
   3.6499999999999999       -4.0986575453184070E-005
   3.6600000000000001       -3.7427781755522444E-005
   3.6699999999999999       -3.4789616453323428E-005
   3.6800000000000002       -3.2968178715412240E-005
   3.6899999999999999       -3.1863422636023580E-005
   3.7000000000000002       -3.1379200930116403E-005
   3.7100000000000000       -3.1423344026555765E-005
   3.7200000000000002       -3.1907766835420729E-005
   3.7300000000000000       -3.2748595821646096E-005
   3.7400000000000002       -3.3866309412858979E-005
   3.7500000000000000       -3.5185885196752747E-005
   3.7600000000000002       -3.6636947827451250E-005
   3.7700000000000000       -3.8153912040830187E-005
   3.7800000000000002       -3.9676115691255971E-005
   3.7900000000000000       -4.1147938242652412E-005
   3.8000000000000003       -4.2518900688263035E-005
   3.8100000000000001       -4.3743743407784297E-005
   3.8200000000000003       -4.4782479025516532E-005
   3.8300000000000001       -4.5600417869641000E-005
   3.8399999999999999       -4.6168164170171261E-005
   3.8500000000000001       -4.6461581660281045E-005
   3.8599999999999999       -4.6461727753267887E-005
   3.8700000000000001       -4.6154755956832409E-005
   3.8799999999999999       -4.5531786658566319E-005
   3.8900000000000001       -4.4588746855598613E-005
   3.8999999999999999       -4.3326179813213993E-005
   3.9100000000000001       -4.1749026027000084E-005
   3.9199999999999999       -3.9866377201911118E-005
   3.9300000000000002       -3.7691205285164351E-005
   3.9399999999999999       -3.5240068859355353E-005
   3.9500000000000002       -3.2532799449010314E-005
   3.9600000000000000       -2.9592170487939708E-005
   3.9700000000000002       -2.6443551865070447E-005
   3.9800000000000000       -2.3114553084609981E-005
   3.9900000000000002       -1.9634658166539575E-005
   4.0000000000000000       -1.6034855462377215E-005
   4.0099999999999998       -1.2347265570913419E-005
   4.0200000000000005       -8.6047705211135027E-006
   4.0300000000000002       -4.8406473295387230E-006
   4.0400000000000000       -1.0882089568964305E-006
   4.0499999999999998        2.6195444320381092E-006
   4.0600000000000005        6.2502611392747858E-006
   4.0700000000000003        9.7725579434228023E-006
   4.0800000000000001        1.3156322038625131E-005
   4.0899999999999999        1.6372992711639327E-005
   4.0999999999999996        1.9395820783147218E-005
   4.1100000000000003        2.2200104086140617E-005
   4.1200000000000001        2.4763397500225091E-005
   4.1299999999999999        2.7065696324923441E-005
   4.1399999999999997        2.9089592033133989E-005
   4.1500000000000004        3.0820399720471207E-005
   4.1600000000000001        3.2246256826454962E-005
   4.1699999999999999        3.3358192974116993E-005
   4.1799999999999997        3.4150171030247809E-005
   4.1900000000000004        3.4619099742317272E-005
   4.2000000000000002        3.4764818551434074E-005
   4.2100000000000000        3.4590055411529470E-005
   4.2199999999999998        3.4100358661250454E-005
   4.2300000000000004        3.3304004203802276E-005
   4.2400000000000002        3.2211879427284332E-005
   4.2500000000000000        3.0837345477249337E-005
   4.2599999999999998        2.9196079636890283E-005
   4.2700000000000005        2.7305899702130834E-005
   4.2800000000000002        2.5186572353227559E-005
   4.2900000000000000        2.2859607609281864E-005
   4.2999999999999998        2.0348041527035295E-005
   4.3100000000000005        1.7676209347663074E-005
   4.3200000000000003        1.4869511331001140E-005
   4.3300000000000001        1.1954173516585065E-005
   4.3399999999999999        8.9570056437652733E-006
   4.3500000000000005        5.9051584307284890E-006
   4.3600000000000003        2.8258823619466256E-006
   4.3700000000000001       -2.5370993273484071E-007
   4.3799999999999999       -3.3068757063426632E-006
   4.3899999999999997       -6.3074666293548349E-006
   4.4000000000000004       -9.2301440398284195E-006
   4.4100000000000001       -1.2050583242954108E-005
   4.4199999999999999       -1.4745665329832107E-005
   4.4299999999999997       -1.7293655130831405E-005
   4.4400000000000004       -1.9674364067551600E-005
   4.4500000000000002       -2.1869296833267418E-005
   4.4600000000000000       -2.3861780990845207E-005
   4.4699999999999998       -2.5637078744221273E-005
   4.4800000000000004       -2.7182480314856744E-005
   4.4900000000000002       -2.8487378517337398E-005
   4.5000000000000000       -2.9543324300391735E-005
   4.5099999999999998       -3.0344063186648933E-005
   4.5200000000000005       -3.0885552704091967E-005
   4.5300000000000002       -3.1165961061497383E-005
   4.5400000000000000       -3.1185647471340554E-005
   4.5499999999999998       -3.0947124665322004E-005
   4.5600000000000005       -3.0455004285396666E-005
   4.5700000000000003       -2.9715925959433114E-005
   4.5800000000000001       -2.8738470983788494E-005
   4.5899999999999999       -2.7533061644958654E-005
   4.6000000000000005       -2.6111847304224878E-005
   4.6100000000000003       -2.4488578451532798E-005
   4.6200000000000001       -2.2678470007345057E-005
   4.6299999999999999       -2.0698055208586086E-005
   4.6399999999999997       -1.8565031458787363E-005
   4.6500000000000004       -1.6298099560282672E-005
   4.6600000000000001       -1.3916797761993381E-005
   4.6699999999999999       -1.1441332070484514E-005
   4.6799999999999997       -8.8924042643879267E-006
   4.6900000000000004       -6.2910390404142581E-006
   4.7000000000000002       -3.6584116923053597E-006
   4.7100000000000000       -1.0156776878113004E-006
   4.7199999999999998        1.6161945380349746E-006
   4.7300000000000004        4.2165863094975427E-006
   4.7400000000000002        6.7653857599530418E-006
   4.7500000000000000        9.2431380777030996E-006
   4.7599999999999998        1.1631187902473919E-005
   4.7700000000000005        1.3911812911818429E-005
   4.7800000000000002        1.6068347727547554E-005
   4.7900000000000000        1.8085297371395019E-005
   4.7999999999999998        1.9948439592919431E-005
   4.8100000000000005        2.1644915501877160E-005
   4.8200000000000003        2.3163308034280319E-005
   4.8300000000000001        2.4493707894021363E-005
   4.8399999999999999        2.5627766711688103E-005
   4.8500000000000005        2.6558737269577053E-005
   4.8600000000000003        2.7281500746067629E-005
   4.8700000000000001        2.7792581031106980E-005
   4.8799999999999999        2.8090146266678277E-005
   4.8899999999999997        2.8173997856302300E-005
   4.9000000000000004        2.8045547283012057E-005
   4.9100000000000001        2.7707781155899156E-005
   4.9199999999999999        2.7165214990425542E-005
   4.9299999999999997        2.6423836298228738E-005
   4.9400000000000004        2.5491037632497054E-005
   4.9500000000000002        2.4375540296268699E-005
   4.9600000000000000        2.3087309475672612E-005
   4.9699999999999998        2.1637461606763176E-005
   4.9800000000000004        2.0038164827842215E-005
   4.9900000000000002        1.8302533396891314E-005
   5.0000000000000000        1.6444516985931685E-005
   5.0099999999999998        1.4478785775680835E-005
   5.0200000000000005        1.2420612289100075E-005
   5.0300000000000002        1.0285750903413858E-005
   5.0400000000000000        8.0903159768944031E-006
   5.0499999999999998        5.8506595168670177E-006
   5.0600000000000005        3.5832492972095723E-006
   5.0700000000000003        1.3045483099521647E-006
   5.0800000000000001       -9.6910359294002009E-007
   5.0899999999999999       -3.2216050476972809E-006
   5.1000000000000005       -5.4372047369164969E-006
   5.1100000000000003       -7.6006084228978269E-006
   5.1200000000000001       -9.6970807712744316E-006
   5.1299999999999999       -1.1712541331649280E-005
   5.1399999999999997       -1.3633654100946851E-005
   5.1500000000000004       -1.5447910153312200E-005
   5.1600000000000001       -1.7143702881208574E-005
   5.1699999999999999       -1.8710395457770160E-005
   5.1799999999999997       -2.0138380194318542E-005
   5.1900000000000004       -2.1419129532669692E-005
   5.2000000000000002       -2.2545238477183281E-005
   5.2100000000000000       -2.3510458339171047E-005
   5.2199999999999998       -2.4309721728652469E-005
   5.2300000000000004       -2.4939158795276034E-005
   5.2400000000000002       -2.5396104779717389E-005
   5.2500000000000000       -2.5679099000391201E-005
   5.2599999999999998       -2.5787875455103737E-005
   5.2700000000000005       -2.5723345276686712E-005
   5.2800000000000002       -2.5487571329587249E-005
   5.2900000000000000       -2.5083735287312089E-005
   5.2999999999999998       -2.4516097574411631E-005
   5.3100000000000005       -2.3789950597654356E-005
   5.3200000000000003       -2.2911565730979757E-005
   5.3300000000000001       -2.1888134549622811E-005
   5.3399999999999999       -2.0727704841264937E-005
   5.3500000000000005       -1.9439111942899111E-005
   5.3600000000000003       -1.8031905976047124E-005
   5.3700000000000001       -1.6516275567329513E-005
   5.3799999999999999       -1.4902968651979457E-005
   5.3899999999999997       -1.3203210966211997E-005
   5.4000000000000004       -1.1428622836814387E-005
   5.4100000000000001       -9.5911348731658924E-006
   5.4199999999999999       -7.7029031621914326E-006
   5.4299999999999997       -5.7762245573995301E-006
   5.4400000000000004       -3.8234526372411866E-006
   5.4500000000000002       -1.8569148930294849E-006
   5.4600000000000000        1.1116831665181974E-007
   5.4699999999999998        2.0687625293153388E-006
   5.4800000000000004        4.0040951744677951E-006
   5.4900000000000002        5.9057283431656102E-006
   5.5000000000000000        7.7626279071772634E-006
   5.5099999999999998        9.5642285970099147E-006
   5.5200000000000005        1.1300494682552151E-005
   5.5300000000000002        1.2961975942215160E-005
   5.5400000000000000        1.4539858640037856E-005
   5.5499999999999998        1.6026011274871277E-005
   5.5600000000000005        1.7413024902763090E-005
   5.5700000000000003        1.8694247877275771E-005
   5.5800000000000001        1.9863814892565826E-005
   5.5899999999999999        2.0916670253999215E-005
   5.6000000000000005        2.1848585343741706E-005
   5.6100000000000003        2.2656170285647526E-005
   5.6200000000000001        2.3336879855113309E-005
   5.6299999999999999        2.3889013715890895E-005
   5.6399999999999997        2.4311711100837236E-005
   5.6500000000000004        2.4604940090597819E-005
   5.6600000000000001        2.4769481674089154E-005
   5.6699999999999999        2.4806908807135219E-005
   5.6799999999999997        2.4719560713173295E-005
   5.6900000000000004        2.4510512696123695E-005
   5.7000000000000002        2.4183541759729660E-005
   5.7100000000000000        2.3743088347729051E-005
   5.7199999999999998        2.3194214539509966E-005
   5.7300000000000004        2.2542559050433366E-005
   5.7400000000000002        2.1794289399737097E-005
   5.7500000000000000        2.0956051619909025E-005
   5.7599999999999998        2.0034917888501685E-005
   5.7700000000000005        1.9038332469565275E-005
   5.7800000000000002        1.7974056352903156E-005
   5.7900000000000000        1.6850110980932722E-005
   5.7999999999999998        1.5674721448646191E-005
   5.8100000000000005        1.4456259558543553E-005
   5.8200000000000003        1.3203187103443143E-005
   5.8300000000000001        1.1923999741417185E-005
   5.8399999999999999        1.0627171814731708E-005
   5.8500000000000005        9.3211024506232966E-006
   5.8600000000000003        8.0140632658927110E-006
   5.8700000000000001        6.7141479805977162E-006
   5.8799999999999999        5.4292242254490763E-006
   5.8899999999999997        4.1668878083989691E-006
   5.9000000000000004        2.9344196834515682E-006
   5.9100000000000001        1.7387458425932407E-006
   5.9199999999999999        5.8640032607526388E-007
   5.9299999999999997       -5.1650847507306526E-007
   5.9400000000000004       -1.5643280780495296E-006
   5.9500000000000002       -2.5518886069463887E-006
   5.9600000000000000       -3.4745258344872954E-006
   5.9699999999999998       -4.3281004966438799E-006
   5.9800000000000004       -5.1090138343577737E-006
   5.9900000000000002       -5.8142193428025699E-006
   6.0000000000000000       -6.4412307326027676E-006
