   0.0000000000000000        0.0000000000000000     
   1.0000000000000000E-002   1.6925907027536364E-006
   2.0000000000000000E-002   1.4692833558985435E-006
   2.9999999999999999E-002  -2.5578181475459951E-006
   4.0000000000000001E-002  -3.6082647341801139E-006
   5.0000000000000003E-002  -6.0348758507603686E-007
   5.9999999999999998E-002   3.4325464098590594E-006
   7.0000000000000007E-002   5.3148624076819422E-006
   8.0000000000000002E-002   3.8480233987066015E-006
   8.9999999999999997E-002  -5.1668854420137829E-008
  0.10000000000000001       -4.3398607414332094E-006
  0.11000000000000000       -7.0165856143943324E-006
  0.12000000000000000       -6.9401933988703721E-006
  0.13000000000000000       -4.1085568454913858E-006
  0.14000000000000001        5.1674443618873239E-007
  0.14999999999999999        5.4531793038797281E-006
  0.16000000000000000        9.2048225438425543E-006
  0.17000000000000001        1.0679654912293971E-005
  0.17999999999999999        9.4308212485527267E-006
  0.19000000000000000        5.7022808734238426E-006
  0.20000000000000001        3.0877149933411169E-007
  0.20999999999999999       -5.5918029569763602E-006
  0.22000000000000000       -1.0767088704909731E-005
  0.23000000000000001       -1.4160378704463647E-005
  0.23999999999999999       -1.5078399938485643E-005
  0.25000000000000000       -1.3292921426735661E-005
  0.26000000000000001       -9.0515390361146758E-006
  0.27000000000000002       -3.0086783920085708E-006
  0.28000000000000003        3.9015359616393194E-006
  0.28999999999999998        1.0623719318219150E-005
  0.29999999999999999        1.6143877087822951E-005
  0.31000000000000000        1.9632741780039686E-005
  0.32000000000000001        2.0552373905909597E-005
  0.33000000000000002        1.8715914818728701E-005
  0.34000000000000002        1.4297734670668074E-005
  0.35000000000000003        7.7977113198709489E-006
  0.35999999999999999       -3.1600942335447991E-008
  0.37000000000000000       -8.2829110521799604E-006
  0.38000000000000000       -1.6003823492272019E-005
  0.39000000000000001       -2.2305003834342184E-005
  0.40000000000000002       -2.6455340641084042E-005
  0.41000000000000003       -2.7955168517391223E-005
  0.41999999999999998       -2.6581783306496253E-005
  0.42999999999999999       -2.2404814965925230E-005
  0.44000000000000000       -1.5772182559959551E-005
  0.45000000000000001       -7.2700690773855758E-006
  0.46000000000000002        2.3375640286769867E-006
  0.47000000000000003        1.2183051541088600E-005
  0.47999999999999998        2.1375218307804466E-005
  0.48999999999999999        2.9078329091065503E-005
  0.50000000000000000        3.4583146519927122E-005
  0.51000000000000001        3.7364639338800736E-005
  0.52000000000000002        3.7122395759639322E-005
  0.53000000000000003        3.3801475205070380E-005
  0.54000000000000004        2.7593127704820607E-005
  0.55000000000000004        1.8916393499030940E-005
  0.56000000000000005        8.3829608006746576E-006
  0.57000000000000006       -3.2512690355616063E-006
  0.57999999999999996       -1.5143728491926748E-005
  0.58999999999999997       -2.6427288166520217E-005
  0.59999999999999998       -3.6272336196033294E-005
  0.60999999999999999       -4.3944538459619162E-005
  0.62000000000000000       -4.8854538830309998E-005
  0.63000000000000000       -5.0596617065900054E-005
  0.64000000000000001       -4.8974217302975692E-005
  0.65000000000000002       -4.4011223400521954E-005
  0.66000000000000003       -3.5948822425867197E-005
  0.67000000000000004       -2.5228704836180333E-005
  0.68000000000000005       -1.2464149274301917E-005
  0.69000000000000006        1.5988074625782084E-006
  0.70000000000000007        1.6127435337382269E-005
  0.70999999999999996        3.0252638892066619E-005
  0.71999999999999997        4.3120473453013767E-005
  0.72999999999999998        5.3941853574247969E-005
  0.73999999999999999        6.2037699039581146E-005
  0.75000000000000000        6.6877143225267194E-005
  0.76000000000000001        6.8106915796534935E-005
  0.77000000000000002        6.5570573132968599E-005
  0.78000000000000003        5.9316851015641426E-005
  0.79000000000000004        4.9597021205214654E-005
  0.80000000000000004        3.6851715283796064E-005
  0.81000000000000005        2.1688207900942565E-005
  0.82000000000000006        4.8496046090497405E-006
  0.83000000000000007       -1.2822260579459010E-005
  0.83999999999999997       -3.0428157422094604E-005
  0.84999999999999998       -4.7054815831699764E-005
  0.85999999999999999       -6.1818065846543845E-005
  0.87000000000000000       -7.3903590682726730E-005
  0.88000000000000000       -8.2603287708155540E-005
  0.89000000000000001       -8.7345479362601735E-005
  0.90000000000000002       -8.7717528796828334E-005
  0.91000000000000003       -8.3479775173265792E-005
  0.92000000000000004       -7.4570092082307815E-005
  0.93000000000000005       -6.1098770259305005E-005
  0.94000000000000006       -4.3333814423534465E-005
  0.95000000000000007       -2.1677106833888784E-005
  0.95999999999999996        3.3677875904452885E-006
  0.96999999999999997        3.1235129979861823E-005
  0.97999999999999998        6.1342577304568580E-005
  0.98999999999999999        9.3141419813733657E-005
   1.0000000000000000        1.2617002225209816E-004
   1.0100000000000000        1.6010900433902620E-004
   1.0200000000000000        1.9483676185724473E-004
   1.0300000000000000        2.3048405608969402E-004
   1.0400000000000000        2.6748657806172256E-004
   1.0500000000000000        3.0663461505043232E-004
   1.0600000000000001        3.4911919873519264E-004
   1.0700000000000001        3.9657438495609951E-004
   1.0800000000000001        4.5111559172748199E-004
   1.0900000000000001        5.1537419248934150E-004
   1.1000000000000001        5.9252881370482806E-004
   1.1100000000000001        6.8633400894521472E-004
   1.1200000000000001        8.0114716604886530E-004
   1.1300000000000001        9.4195464187915839E-004
   1.1400000000000001        1.1143982046394770E-003
   1.1500000000000001        1.3248028925677091E-003
   1.1599999999999999        1.5802073682160400E-003
   1.1699999999999999        1.8883977595431382E-003
   1.1799999999999999        2.2579458348849996E-003
   1.1899999999999999        2.6982521625929239E-003
   1.2000000000000000        3.2195946635758341E-003
   1.2100000000000000        3.8331826834302699E-003
   1.2200000000000000        4.5512163989286473E-003
   1.2300000000000000        5.3869510408913182E-003
   1.2400000000000000        6.3547650721125747E-003
   1.2500000000000000        7.4702311156809899E-003
   1.2600000000000000        8.7501880963573777E-003
   1.2700000000000000        1.0212812746062545E-002
   1.2800000000000000        1.1877688343873425E-002
   1.2900000000000000        1.3765868320334504E-002
   1.3000000000000000        1.5899932163431347E-002
   1.3100000000000001        1.8304030926137752E-002
   1.3200000000000001        2.1003919558527588E-002
   1.3300000000000001        2.4026973275047252E-002
   1.3400000000000001        2.7402185222158350E-002
   1.3500000000000001        3.1160142833963282E-002
   1.3600000000000001        3.5332980452917218E-002
   1.3700000000000001        3.9954306046944291E-002
   1.3800000000000001        4.5059100169413203E-002
   1.3900000000000001        5.0683585679307329E-002
   1.4000000000000001        5.6865067159074800E-002
   1.4099999999999999        6.3641739429583163E-002
   1.4199999999999999        7.1052465056875083E-002
   1.4299999999999999        7.9136521264889778E-002
   1.4399999999999999        8.7933317202347885E-002
   1.4500000000000000        9.7482083050607932E-002
   1.4600000000000000       0.10782153299248996     
   1.4700000000000000       0.11898950457984457     
   1.4800000000000000       0.13102257753042440     
   1.4900000000000000       0.14395567544325538     
   1.5000000000000000       0.15782165433764958     
   1.5100000000000000       0.17265088228669620     
   1.5200000000000000       0.18847081472461669     
   1.5300000000000000       0.20530557025320803     
   1.5400000000000000       0.22317551195105004     
   1.5500000000000000       0.24209683929688655     
   1.5600000000000001       0.26208119585343803     
   1.5700000000000001       0.28313529781890717     
   1.5800000000000001       0.30526058844096471     
   1.5900000000000001       0.32845292310350194     
   1.6000000000000001       0.35270228964257622     
   1.6100000000000001       0.37799256812850218     
   1.6200000000000001       0.40430133397063533     
   1.6300000000000001       0.43159970776569151     
   1.6400000000000001       0.45985225482580788     
   1.6500000000000001       0.48901693679602098     
   1.6600000000000001       0.51904511721001223     
   1.6699999999999999       0.54988162224575865     
   1.6799999999999999       0.58146485733737718     
   1.6899999999999999       0.61372697968436263     
   1.7000000000000000       0.64659412608282729     
   1.7100000000000000       0.67998669489361052     
   1.7200000000000000       0.71381968036708288     
   1.7300000000000000       0.74800305697180491     
   1.7400000000000000       0.78244221083105303     
   1.7500000000000000       0.81703841486415330     
   1.7600000000000000       0.85168934376453931     
   1.7700000000000000       0.88628962452877014     
   1.7800000000000000       0.92073141788484225     
   1.7900000000000000       0.95490502565779045     
   1.8000000000000000       0.98869951885866714     
   1.8100000000000001        1.0220033810914957     
   1.8200000000000001        1.0547051617431444     
   1.8300000000000001        1.0866941333533688     
   1.8400000000000001        1.1178609475563788     
   1.8500000000000001        1.1480982840399170     
   1.8600000000000001        1.1773014870809646     
   1.8700000000000001        1.2053691843865686     
   1.8800000000000001        1.2322038831902606     
   1.8900000000000001        1.2577125388257875     
   1.9000000000000001        1.2818070913157882     
   1.9100000000000001        1.3044049658692498     
   1.9199999999999999        1.3254295335728716     
   1.9299999999999999        1.3448105289826140     
   1.9399999999999999        1.3624844217674046     
   1.9500000000000000        1.3783947400214085     
   1.9600000000000000        1.3924923433390788     
   1.9700000000000000        1.4047356442326147     
   1.9800000000000000        1.4150907769591283     
   1.9900000000000000        1.4235317133094967     
   2.0000000000000000        1.4300403253871505     
   2.0100000000000002        1.4346063958686750     
   2.0200000000000000        1.4372275766839655     
   2.0300000000000002        1.4379092974781567     
   2.0400000000000000        1.4366646256166293     
   2.0499999999999998        1.4335140798648751     
   2.0600000000000001        1.4284854002140333     
   2.0699999999999998        1.4216132766280407     
   2.0800000000000001        1.4129390397576671     
   2.0899999999999999        1.4025103168988167     
   2.1000000000000001        1.3903806566662851     
   2.1099999999999999        1.3766091260091426     
   2.1200000000000001        1.3612598833100928     
   2.1299999999999999        1.3444017313887324     
   2.1400000000000001        1.3261076542682615     
   2.1499999999999999        1.3064543415682905     
   2.1600000000000001        1.2855217043540128     
   2.1699999999999999        1.2633923862061813     
   2.1800000000000002        1.2401512731789304     
   2.1899999999999999        1.2158850061859905     
   2.2000000000000002        1.1906814992023298     
   2.2100000000000000        1.1646294664909713     
   2.2200000000000002        1.1378179618657926     
   2.2300000000000000        1.1103359327839222     
   2.2400000000000002        1.0822717918284730     
   2.2500000000000000        1.0537130078969772     
   2.2600000000000002        1.0247457191556921     
   2.2700000000000000       0.99545436955816591     
   2.2800000000000002       0.96592137046053939     
   2.2900000000000000       0.93622678859897135     
   2.3000000000000003       0.90644806142885459     
   2.3100000000000001       0.87665974056357687     
   2.3199999999999998       0.84693326379470701     
   2.3300000000000001       0.81733675592791932     
   2.3399999999999999       0.78793485843148070     
   2.3500000000000001       0.75878858766846047     
   2.3599999999999999       0.72995522127161738     
   2.3700000000000001       0.70148821202227174     
   2.3799999999999999       0.67343712841265591     
   2.3900000000000001       0.64584762090591386     
   2.3999999999999999       0.61876141276004126     
   2.4100000000000001       0.59221631415166831     
   2.4199999999999999       0.56624625822337327     
   2.4300000000000002       0.54088135758380296     
   2.4399999999999999       0.51614797971358406     
   2.4500000000000002       0.49206883967104020     
   2.4600000000000000       0.46866310845018699     
   2.4700000000000002       0.44594653531818751     
   2.4800000000000000       0.42393158245027218     
   2.4900000000000002       0.40262757018565865     
   2.5000000000000000       0.38204083124781435     
   2.5100000000000002       0.36217487230507001     
   2.5200000000000000       0.34303054129233990     
   2.5300000000000002       0.32460619897012932     
   2.5400000000000000       0.30689789326219485     
   2.5500000000000003       0.28989953498673399     
   2.5600000000000001       0.27360307367680486     
   2.5699999999999998       0.25799867227244250     
   2.5800000000000001       0.24307487955864818     
   2.5899999999999999       0.22881879931869192     
   2.6000000000000001       0.21521625527007845     
   2.6099999999999999       0.20225195094988785     
   2.6200000000000001       0.18990962381597898     
   2.6299999999999999       0.17817219292987249     
   2.6400000000000001       0.16702189968500222     
   2.6499999999999999       0.15644044113971958     
   2.6600000000000001       0.14640909560710583     
   2.6699999999999999       0.13690884024274708     
   2.6800000000000002       0.12792046045642610     
   2.6899999999999999       0.11942465105383741     
   2.7000000000000002       0.11140210908933459     
   2.7100000000000000       0.10383361848022403     
   2.7200000000000002        9.6700126496754871E-002
   2.7300000000000000        8.9982812299725726E-002
   2.7400000000000002        8.3663147749243091E-002
   2.7500000000000000        7.7722950753721320E-002
   2.7600000000000002        7.2144431467606601E-002
   2.7700000000000000        6.6910231679702850E-002
   2.7800000000000002        6.2003457761447632E-002
   2.7900000000000000        5.7407707566239669E-002
   2.8000000000000003        5.3107091687185477E-002
   2.8100000000000001        4.9086249491651086E-002
   2.8199999999999998        4.5330360357109828E-002
   2.8300000000000001        4.1825150534270522E-002
   2.8399999999999999        3.8556896060702527E-002
   2.8500000000000001        3.5512422141549323E-002
   2.8599999999999999        3.2679099403765878E-002
   2.8700000000000001        3.0044837417056443E-002
   2.8799999999999999        2.7598075858734299E-002
   2.8900000000000001        2.5327773681383555E-002
   2.8999999999999999        2.3223396621986182E-002
   2.9100000000000001        2.1274903369332829E-002
   2.9199999999999999        1.9472730683532561E-002
   2.9300000000000002        1.7807777737543811E-002
   2.9399999999999999        1.6271389926266516E-002
   2.9500000000000002        1.4855342364104657E-002
   2.9600000000000000        1.3551823267383561E-002
   2.9700000000000002        1.2353417393807220E-002
   2.9800000000000000        1.1253089687517899E-002
   2.9900000000000002        1.0244169255513188E-002
   3.0000000000000000        9.3203337793286520E-003
   3.0100000000000002        8.4755944452135391E-003
   3.0200000000000000        7.7042814566216566E-003
   3.0300000000000002        7.0010301748279361E-003
   3.0400000000000000        6.3607679169591230E-003
   3.0500000000000003        5.7787014257395198E-003
   3.0600000000000001        5.2503050118538515E-003
   3.0700000000000003        4.7713093580313958E-003
   3.0800000000000001        4.3376909637523643E-003
   3.0899999999999999        3.9456622008558935E-003
   3.1000000000000001        3.5916619432461543E-003
   3.1099999999999999        3.2723467282886501E-003
   3.1200000000000001        2.9845824033187360E-003
   3.1299999999999999        2.7254362078347606E-003
   3.1400000000000001        2.4921692403634247E-003
   3.1499999999999999        2.2822292585526179E-003
   3.1600000000000001        2.0932437616550058E-003
   3.1699999999999999        1.9230133061266474E-003
   3.1800000000000002        1.7695050074520047E-003
   3.1899999999999999        1.6308461844097202E-003
   3.2000000000000002        1.5053181056989265E-003
   3.2100000000000000        1.3913498030527429E-003
   3.2200000000000002        1.2875119195364174E-003
   3.2300000000000000        1.1925105665956503E-003
   3.2400000000000002        1.1051811684460917E-003
   3.2500000000000000        1.0244822775078105E-003
   3.2600000000000002        9.4948934968525295E-004
   3.2700000000000000        8.7938847330346136E-004
   3.2800000000000002        8.1347005034247276E-004
   3.2900000000000000        7.5112243320987022E-004
   3.3000000000000003        6.9182552460031769E-004
   3.3100000000000001        6.3514435193666116E-004
   3.3200000000000003        5.8072263146096326E-004
   3.3300000000000001        5.2827634017152847E-004
   3.3399999999999999        4.7758731650731354E-004
   3.3500000000000001        4.2849691287945481E-004
   3.3599999999999999        3.8089972490611948E-004
   3.3700000000000001        3.3473742345073383E-004
   3.3799999999999999        2.8999271634252711E-004
   3.3900000000000001        2.4668346696146899E-004
   3.3999999999999999        2.0485699672005930E-004
   3.4100000000000001        1.6458459789183975E-004
   3.4199999999999999        1.2595628223852157E-004
   3.4300000000000002        8.9075789528857084E-005
   3.4399999999999999        5.4055878316374299E-005
   3.4500000000000002        2.1013919330912473E-005
   3.4600000000000000       -9.9321904610962377E-006
   3.4700000000000002       -3.8667777591377512E-005
   3.4800000000000000       -6.5084792788699749E-005
   3.4900000000000002       -8.9084852678288629E-005
   3.5000000000000000       -1.1058191546610600E-004
   3.5100000000000002       -1.2950458662797819E-004
   3.5200000000000000       -1.4579805366131795E-004
   3.5300000000000002       -1.5942565199745411E-004
   3.5400000000000000       -1.7037006714247158E-004
   3.5500000000000003       -1.7863418101347615E-004
   3.5600000000000001       -1.8424157320146874E-004
   3.5700000000000003       -1.8723669051869807E-004
   3.5800000000000001       -1.8768470062854902E-004
   3.5899999999999999       -1.8567104780592083E-004
   3.6000000000000001       -1.8130073089563217E-004
   3.6099999999999999       -1.7469732532932833E-004
   3.6200000000000001       -1.6600177259526181E-004
   3.6299999999999999       -1.5537096183124724E-004
   3.6400000000000001       -1.4297612922223774E-004
   3.6499999999999999       -1.2900110161943577E-004
   3.6600000000000001       -1.1364041126124438E-004
   3.6699999999999999       -9.7097308677081544E-005
   3.6800000000000002       -7.9581700783756934E-005
   3.6899999999999999       -6.1308040863863362E-005
   3.7000000000000002       -4.2493196546174838E-005
   3.7100000000000000       -2.3354321111158422E-005
   3.7200000000000002       -4.1067524250508956E-006
   3.7300000000000000        1.5038037407036077E-005
   3.7400000000000002        3.3874419977808404E-005
   3.7500000000000000        5.2204495973358978E-005
   3.7600000000000002        6.9839869599938790E-005
   3.7700000000000000        8.6603295435419426E-005
   3.7800000000000002        1.0233018301696410E-004
   3.7900000000000000        1.1686994648186380E-004
   3.8000000000000003        1.3008718862081613E-004
   3.8100000000000001        1.4186271079303167E-004
   3.8200000000000003        1.5209434224857014E-004
   3.8300000000000001        1.6069758448325212E-004
   3.8399999999999999        1.6760606831390295E-004
   3.8500000000000001        1.7277182336605541E-004
   3.8599999999999999        1.7616536160801910E-004
   3.8700000000000001        1.7777557842128596E-004
   3.8799999999999999        1.7760947646102850E-004
   3.8900000000000001        1.7569171920634951E-004
   3.8999999999999999        1.7206402262154863E-004
   3.9100000000000001        1.6678439474669565E-004
   3.9199999999999999        1.5992623427637213E-004
   3.9300000000000002        1.5157730028582779E-004
   3.9399999999999999        1.4183856620307862E-004
   3.9500000000000002        1.3082297191319546E-004
   3.9600000000000000        1.1865408849388744E-004
   3.9700000000000002        1.0546471054996737E-004
   3.9800000000000000        9.1395391407724335E-005
   3.9900000000000002        7.6592936574954298E-005
   4.0000000000000000        6.1208870860244975E-005
   4.0099999999999998        4.5397894382141582E-005
   4.0200000000000005        2.9316342401257834E-005
   4.0300000000000002        1.3120663467495622E-005
   4.0400000000000000       -3.0340701828175167E-006
   4.0499999999999998       -1.8995606726440576E-005
   4.0600000000000005       -3.4615900876515584E-005
   4.0700000000000003       -4.9752430435320850E-005
   4.0800000000000001       -6.4269432643583723E-005
   4.0899999999999999       -7.8039050726632763E-005
   4.0999999999999996       -9.0942382128647475E-005
   4.1100000000000003       -1.0287042106846113E-004
   4.1200000000000001       -1.1372488921957709E-004
   4.1299999999999999       -1.2341894952502962E-004
   4.1399999999999997       -1.3187779935572104E-004
   4.1500000000000004       -1.3903914043762399E-004
   4.1600000000000001       -1.4485352416940571E-004
   4.1699999999999999       -1.4928457212504180E-004
   4.1799999999999997       -1.5230907268380702E-004
   4.1900000000000004       -1.5391695582784123E-004
   4.2000000000000002       -1.5411114920262160E-004
   4.2100000000000000       -1.5290731952939440E-004
   4.2199999999999998       -1.5033350438131750E-004
   4.2300000000000004       -1.4642964020173318E-004
   4.2400000000000002       -1.4124699321106009E-004
   4.2500000000000000       -1.3484750055436191E-004
   4.2599999999999998       -1.2730302965094936E-004
   4.2700000000000005       -1.1869456422797103E-004
   4.2800000000000002       -1.0911132596024766E-004
   4.2900000000000000       -9.8649840971572691E-005
   4.2999999999999998       -8.7412960713347752E-005
   4.3100000000000005       -7.5508846884702525E-005
   4.3200000000000003       -6.3049930138688495E-005
   4.3300000000000001       -5.0151852293776415E-005
   4.3399999999999999       -3.6932401672095302E-005
   4.3500000000000005       -2.3510450999720653E-005
   4.3600000000000003       -1.0004907046837152E-005
   4.3700000000000001        3.4663191517174372E-006
   4.3799999999999999        1.6787313050620952E-005
   4.3899999999999997        2.9845120344106442E-005
   4.4000000000000004        4.2530666249918104E-005
   4.4100000000000001        5.4739623432993413E-005
   4.4199999999999999        6.6373222288342962E-005
   4.4299999999999997        7.7338997950743334E-005
   4.4400000000000004        8.7551469075429868E-005
   4.4500000000000002        9.6932744142152588E-005
   4.4600000000000000        1.0541305175034857E-004
   4.4699999999999998        1.1293119210373004E-004
   4.4800000000000004        1.1943490762060149E-004
   4.4900000000000002        1.2488117133095057E-004
   4.5000000000000000        1.2923639245235685E-004
   4.5099999999999998        1.3247653923729023E-004
   4.5200000000000005        1.3458717988055021E-004
   4.5300000000000002        1.3556344293372987E-004
   4.5400000000000000        1.3540989931053115E-004
   4.5499999999999998        1.3414036856439424E-004
   4.5600000000000005        1.3177765268363638E-004
   4.5700000000000003        1.2835320116653387E-004
   4.5800000000000001        1.2390671161338808E-004
   4.5899999999999999        1.1848567050198564E-004
   4.6000000000000005        1.1214483918876384E-004
   4.6100000000000003        1.0494569050345507E-004
   4.6200000000000001        9.6955801581239477E-005
   4.6299999999999999        8.8248208794497357E-005
   4.6399999999999997        7.8900730815192400E-005
   4.6500000000000004        6.8995265951122791E-005
   4.6600000000000001        5.8617069962292773E-005
   4.6699999999999999        4.7854020570128167E-005
   4.6799999999999997        3.6795874835765945E-005
   4.6900000000000004        2.5533525488958582E-005
   4.7000000000000002        1.4158262157781166E-005
   4.7100000000000000        2.7610432668055232E-006
   4.7199999999999998       -8.5682158490147923E-006
   4.7300000000000004       -1.9741333326414013E-005
   4.7400000000000002       -3.0672524660492156E-005
   4.7500000000000000       -4.1279035428994464E-005
   4.7599999999999998       -5.1481738543607019E-005
   4.7700000000000005       -6.1205692099264639E-005
   4.7800000000000002       -7.0380654289045917E-005
   4.7900000000000000       -7.8941552277856072E-005
   4.7999999999999998       -8.6828902352940852E-005
   4.8100000000000005       -9.3989179117248998E-005
   4.8200000000000003       -1.0037513193538307E-004
   4.8300000000000001       -1.0594604729563666E-004
   4.8399999999999999       -1.1066795619977820E-004
   4.8500000000000005       -1.1451378613671186E-004
   4.8600000000000003       -1.1746345763358905E-004
   4.8700000000000001       -1.1950392580391850E-004
   4.8799999999999999       -1.2062916772467329E-004
   4.8899999999999997       -1.2084011686663405E-004
   4.9000000000000004       -1.2014454618229372E-004
   4.9100000000000001       -1.1855690180449143E-004
   4.9199999999999999       -1.1609808964307046E-004
   4.9299999999999997       -1.1279521746822228E-004
   4.9400000000000004       -1.0868129534736288E-004
   4.9500000000000002       -1.0379489754985938E-004
   4.9600000000000000       -9.8179789253993090E-005
   4.9699999999999998       -9.1884521574221668E-005
   4.9800000000000004       -8.4961998588965453E-005
   4.9900000000000002       -7.7469020168477226E-005
   5.0000000000000000       -6.9465804499782289E-005
   5.0099999999999998       -6.1015494264487606E-005
   5.0200000000000005       -5.2183650458717472E-005
   5.0300000000000002       -4.3037737841656325E-005
   5.0400000000000000       -3.3646605972655243E-005
   5.0499999999999998       -2.4079969735843246E-005
   5.0600000000000005       -1.4407893169722752E-005
   5.0700000000000003       -4.7002803014787398E-006
   5.0800000000000001        4.9736234429626761E-006
   5.0899999999999999        1.4545715846986519E-005
   5.1000000000000005        2.3949505300894111E-005
   5.1100000000000003        3.3120557959583411E-005
   5.1200000000000001        4.1996921847723613E-005
   5.1299999999999999        5.0519525331756654E-005
   5.1399999999999997        5.8632547622251538E-005
   5.1500000000000004        6.6283759226112238E-005
   5.1600000000000001        7.3424830532016906E-005
   5.1699999999999999        8.0011606983814966E-005
   5.1799999999999997        8.6004349572606564E-005
   5.1900000000000004        9.1367939655062698E-005
   5.2000000000000002        9.6072047383631928E-005
   5.2100000000000000        1.0009126331238749E-004
   5.2199999999999998        1.0340519301320055E-004
   5.2300000000000004        1.0599851480354537E-004
   5.2400000000000002        1.0786100095069749E-004
   5.2500000000000000        1.0898750296333898E-004
   5.2599999999999998        1.0937790182443446E-004
   5.2700000000000005        1.0903702424974743E-004
   5.2800000000000002        1.0797452626482670E-004
   5.2900000000000000        1.0620474560237658E-004
   5.2999999999999998        1.0374652459994356E-004
   5.3100000000000005        1.0062300545106758E-004
   5.3200000000000003        9.6861399812412838E-005
   5.3300000000000001        9.2492734903190150E-005
   5.3399999999999999        8.7551578351173650E-005
   5.3500000000000005        8.2075744131240841E-005
   5.3600000000000003        7.6105982027440585E-005
   5.3700000000000001        6.9685653101775021E-005
   5.3799999999999999        6.2860393698774852E-005
   5.3899999999999997        5.5677770533683410E-005
   5.4000000000000004        4.8186929416812334E-005
   5.4100000000000001        4.0438240152418427E-005
   5.4199999999999999        3.2482940118600228E-005
   5.4299999999999997        2.4372778987560383E-005
   5.4400000000000004        1.6159666981484510E-005
   5.4500000000000002        7.8953289786572564E-006
   5.4600000000000000       -3.6903330290476680E-007
   5.4699999999999998       -8.5830689304035508E-006
   5.4800000000000004       -1.6697593186910371E-005
   5.4900000000000002       -2.4664888936560195E-005
   5.5000000000000000       -3.2438992191437581E-005
   5.5099999999999998       -3.9975960292707274E-005
   5.5200000000000005       -4.7234121273086708E-005
   5.5300000000000002       -5.4174303127999752E-005
   5.5400000000000000       -6.0760041887094468E-005
   5.5499999999999998       -6.6957767546221245E-005
   5.5600000000000005       -7.2736967089920707E-005
   5.5700000000000003       -7.8070324007457599E-005
   5.5800000000000001       -8.2933833875566796E-005
   5.5899999999999999       -8.7306895752448121E-005
   5.6000000000000005       -9.1172379293637053E-005
   5.6100000000000003       -9.4516667667923269E-005
   5.6200000000000001       -9.7329676507346808E-005
   5.6299999999999999       -9.9604849283876885E-005
   5.6399999999999997       -1.0133912965052865E-004
   5.6500000000000004       -1.0253291142707464E-004
   5.6600000000000001       -1.0318996704366799E-004
   5.6699999999999999       -1.0331735537896593E-004
   5.6799999999999997       -1.0292531004622052E-004
   5.6900000000000004       -1.0202710928552592E-004
   5.7000000000000002       -1.0063892871509854E-004
   5.7100000000000000       -9.8779678279963931E-005
   5.7199999999999998       -9.6470824809796122E-005
   5.7300000000000004       -9.3736201661863381E-005
   5.7400000000000002       -9.0601806972558284E-005
   5.7500000000000000       -8.7095592086932223E-005
   5.7599999999999998       -8.3247241758819775E-005
   5.7700000000000005       -7.9087947736734601E-005
   5.7800000000000002       -7.4650177353585660E-005
   5.7900000000000000       -6.9967438737342398E-005
   5.7999999999999998       -6.5074044242675923E-005
   5.8100000000000005       -6.0004873681441379E-005
   5.8200000000000003       -5.4795138892926064E-005
   5.8300000000000001       -4.9480151153867377E-005
   5.8399999999999999       -4.4095092873687335E-005
   5.8500000000000005       -3.8674794960729585E-005
   5.8600000000000003       -3.3253521178609935E-005
   5.8700000000000001       -2.7864760733938919E-005
   5.8799999999999999       -2.2541030257781821E-005
   5.8899999999999997       -1.7313686255848597E-005
   5.9000000000000004       -1.2212749009445019E-005
   5.9100000000000001       -7.2667388148975676E-006
   5.9199999999999999       -2.5025253479469887E-006
   5.9299999999999997        2.0548091593850968E-006
   5.9400000000000004        6.3820923514799875E-006
   5.9500000000000002        1.0458169313181938E-005
   5.9600000000000000        1.4263994896144873E-005
   5.9699999999999998        1.7782710545060808E-005
   5.9800000000000004        2.0999705463446280E-005
   5.9900000000000002        2.3902662065819159E-005
   6.0000000000000000        2.6481585762168574E-005
