   0.0000000000000000        0.0000000000000000     
   1.0000000000000000E-002  -4.7876317206973813E-006
   2.0000000000000000E-002  -5.2523268298452037E-006
   2.9999999999999999E-002   7.2953735363901275E-006
   4.0000000000000001E-002   1.1331886293269099E-005
   5.0000000000000003E-002   2.6009056290017635E-006
   5.9999999999999998E-002  -9.9233003533833148E-006
   7.0000000000000007E-002  -1.6248325624517382E-005
   8.0000000000000002E-002  -1.2310863917472386E-005
   8.9999999999999997E-002  -6.1934161986672269E-007
  0.10000000000000001        1.2652991271292553E-005
  0.11000000000000000        2.1281010564433255E-005
  0.12000000000000000        2.1567379546647473E-005
  0.13000000000000000        1.3300024496344103E-005
  0.14000000000000001       -7.1524992521774601E-007
  0.14999999999999999       -1.5978326639639763E-005
  0.16000000000000000       -2.7853274058945455E-005
  0.17000000000000001       -3.2875841425980628E-005
  0.17999999999999999       -2.9533275618510453E-005
  0.19000000000000000       -1.8443903550841046E-005
  0.20000000000000001       -2.0191549942925458E-006
  0.20999999999999999        1.6218524064318254E-005
  0.22000000000000000        3.2458721253208823E-005
  0.23000000000000001        4.3381514814077270E-005
  0.23999999999999999        4.6753078124579442E-005
  0.25000000000000000        4.1760286901415948E-005
  0.26000000000000001        2.9065476740215885E-005
  0.27000000000000002        1.0611625100105070E-005
  0.28000000000000003       -1.0757849910476814E-005
  0.28999999999999998       -3.1783140665547892E-005
  0.29999999999999999       -4.9292282602835449E-005
  0.31000000000000000       -6.0651856162719509E-005
  0.32000000000000001       -6.4108546670785900E-005
  0.33000000000000002       -5.8988150955916162E-005
  0.34000000000000002       -4.5741305469057060E-005
  0.35000000000000003       -2.5845524311877247E-005
  0.35999999999999999       -1.5891206286874397E-006
  0.37000000000000000        2.4226808242621900E-005
  0.38000000000000000        4.8627161253193748E-005
  0.39000000000000001        6.8801421313873702E-005
  0.40000000000000002        8.2405625700026670E-005
  0.41000000000000003        8.7798992696585173E-005
  0.41999999999999998        8.4196077055538943E-005
  0.42999999999999999        7.1725602167815091E-005
  0.44000000000000000        5.1396989621346039E-005
  0.45000000000000001        2.4984215487023011E-005
  0.46000000000000002       -5.1566400816815201E-006
  0.47000000000000003       -3.6315263482482198E-005
  0.47999999999999998       -6.5677310708279880E-005
  0.48999999999999999       -9.0573862237174022E-005
  0.50000000000000000       -1.0870898873198552E-004
  0.51000000000000001       -1.1834776516706888E-004
  0.52000000000000002       -1.1845162849040846E-004
  0.53000000000000003       -1.0875312899902395E-004
  0.54000000000000004       -8.9767415541332595E-005
  0.55000000000000004       -6.2742806949519361E-005
  0.56000000000000005       -2.9557196998535057E-005
  0.57000000000000006        7.4294354018564295E-006
  0.57999999999999996        4.5553646085146926E-005
  0.58999999999999997        8.2044119603106311E-005
  0.59999999999999998        1.1421977893163050E-004
  0.60999999999999999        1.3967665484165227E-004
  0.62000000000000000        1.5645132502603874E-004
  0.63000000000000000        1.6315098181936136E-004
  0.64000000000000001        1.5904291341561867E-004
  0.65000000000000002        1.4409917325184773E-004
  0.66000000000000003        1.1899525778171699E-004
  0.67000000000000004        8.5064523761819937E-005
  0.68000000000000005        4.4212688793675542E-005
  0.69000000000000006       -1.2010571920291862E-006
  0.70000000000000007       -4.8508139832998510E-005
  0.70999999999999996       -9.4890612861198620E-005
  0.71999999999999997       -1.3754732995213185E-004
  0.72999999999999998       -1.7385659778486827E-004
  0.73999999999999999       -2.0152625037190745E-004
  0.75000000000000000       -2.1872316259666168E-004
  0.76000000000000001       -2.2417566890039396E-004
  0.77000000000000002       -2.1724406966455479E-004
  0.78000000000000003       -1.9795628590357759E-004
  0.79000000000000004       -1.6700765557934103E-004
  0.80000000000000004       -1.2572575095810682E-004
  0.81000000000000005       -7.6002844704750058E-005
  0.82000000000000006       -2.0200185284871006E-005
  0.83000000000000007        3.8970501830863988E-005
  0.83999999999999997        9.8581935552663968E-005
  0.84999999999999998        1.5563568289683353E-004
  0.85999999999999999        2.0720887037199251E-004
  0.87000000000000000        2.5059613910478689E-004
  0.88000000000000000        2.8344021154608212E-004
  0.89000000000000001        3.0384515339939590E-004
  0.90000000000000002        3.1046736700327703E-004
  0.91000000000000003        3.0258048707335896E-004
  0.92000000000000004        2.8011160724042736E-004
  0.93000000000000005        2.4364758521278621E-004
  0.94000000000000006        1.9441149559625738E-004
  0.95000000000000007        1.3421056574966346E-004
  0.95999999999999996        6.5358090275518865E-005
  0.96999999999999997       -9.4271702069545789E-006
  0.97999999999999998       -8.7139776175280238E-005
  0.98999999999999999       -1.6461964028615923E-004
   1.0000000000000000       -2.3869197708913483E-004
   1.0100000000000000       -3.0630969793814293E-004
   1.0200000000000000       -3.6469286207740188E-004
   1.0300000000000000       -4.1146010009541296E-004
   1.0400000000000000       -4.4474743235914556E-004
   1.0500000000000000       -4.6331058622418316E-004
   1.0600000000000001       -4.6660773993120952E-004
   1.0700000000000001       -4.5486055222367100E-004
   1.0800000000000001       -4.2909233638775181E-004
   1.0900000000000001       -3.9114326608842917E-004
   1.1000000000000001       -3.4366351882834635E-004
   1.1100000000000001       -2.9008623351491888E-004
   1.1200000000000001       -2.3458304680230974E-004
   1.1300000000000001       -1.8200574771325427E-004
   1.1400000000000001       -1.3781822546764849E-004
   1.1500000000000001       -1.0802336069328811E-004
   1.1599999999999999       -9.9089810396640920E-005
   1.1699999999999999       -1.1788375337440172E-004
   1.1799999999999999       -1.7161059242262850E-004
   1.1899999999999999       -2.6777135599405057E-004
   1.2000000000000000       -4.1413811375650881E-004
   1.2100000000000000       -6.1875213185706550E-004
   1.2200000000000000       -8.8994776329620368E-004
   1.2300000000000000       -1.2364042191909896E-003
   1.2400000000000000       -1.6672264234966409E-003
   1.2500000000000000       -2.1920551449671776E-003
   1.2600000000000000       -2.8212055551047476E-003
   1.2700000000000000       -3.5658323095750372E-003
   1.2800000000000000       -4.4381182227574926E-003
   1.2900000000000000       -5.4514826294592518E-003
   1.3000000000000000       -6.6208046312635103E-003
   1.3100000000000001       -7.9626556320341844E-003
   1.3200000000000001       -9.4955348992973414E-003
   1.3300000000000001       -1.1240101363670204E-002
   1.3400000000000001       -1.3219394501583742E-002
   1.3500000000000001       -1.5459036947445767E-002
   1.3600000000000001       -1.7987411456327658E-002
   1.3700000000000001       -2.0835804989047562E-002
   1.3800000000000001       -2.4038513015964366E-002
   1.3900000000000001       -2.7632897627668022E-002
   1.4000000000000001       -3.1659393690044099E-002
   1.4099999999999999       -3.6161458074597717E-002
   1.4199999999999999       -4.1185457915992860E-002
   1.4299999999999999       -4.6780494878557795E-002
   1.4399999999999999       -5.2998163530928157E-002
   1.4500000000000000       -5.9892243110372292E-002
   1.4600000000000000       -6.7518323181943743E-002
   1.4700000000000000       -7.5933364938105249E-002
   1.4800000000000000       -8.5195201117569994E-002
   1.4900000000000000       -9.5361978723973048E-002
   1.5000000000000000      -0.10649154987260309     
   1.5100000000000000      -0.11864081716539153     
   1.5200000000000000      -0.13186504097070653     
   1.5300000000000000      -0.14621711684765368     
   1.5400000000000000      -0.16174683208914734     
   1.5500000000000000      -0.17850011095125010     
   1.5600000000000001      -0.19651825857828703     
   1.5700000000000001      -0.21583721391682906     
   1.5800000000000001      -0.23648682203279581     
   1.5900000000000001      -0.25849013620326061     
   1.6000000000000001      -0.28186275994978438     
   1.6100000000000001      -0.30661223881758642     
   1.6200000000000001      -0.33273751119151013     
   1.6300000000000001      -0.36022842678497607     
   1.6400000000000001      -0.38906534065336884     
   1.6500000000000001      -0.41921878968207060     
   1.6600000000000001      -0.45064925749657392     
   1.6699999999999999      -0.48330703265423897     
   1.6799999999999999      -0.51713216382147420     
   1.6899999999999999      -0.55205451443469433     
   1.7000000000000000      -0.58799391810649726     
   1.7100000000000000      -0.62486043478876352     
   1.7200000000000000      -0.66255470645996217     
   1.7300000000000000      -0.70096840988258446     
   1.7400000000000000      -0.73998480279530421     
   1.7500000000000000      -0.77947935877907648     
   1.7600000000000000      -0.81932048498162657     
   1.7700000000000000      -0.85937031591406465     
   1.7800000000000000      -0.89948557565823684     
   1.7900000000000000      -0.93951850005412141     
   1.8000000000000000      -0.97931780978127270     
   1.8100000000000001       -1.0187297247134399     
   1.8200000000000001       -1.0575990095156929     
   1.8300000000000001       -1.0957700401712551     
   1.8400000000000001       -1.1330878809717326     
   1.8500000000000001       -1.1693993614785783     
   1.8600000000000001       -1.2045541430628042     
   1.8700000000000001       -1.2384057648499454     
   1.8800000000000001       -1.2708126592323110     
   1.8900000000000001       -1.3016391275536736     
   1.9000000000000001       -1.3307562671143049     
   1.9100000000000001       -1.3580428412775800     
   1.9199999999999999       -1.3833860851728093     
   1.9299999999999999       -1.4066824402718185     
   1.9399999999999999       -1.4278382119576971     
   1.9500000000000000       -1.4467701450910528     
   1.9600000000000000       -1.4634059135004884     
   1.9700000000000000       -1.4776845202675786     
   1.9800000000000000       -1.4895566066307466     
   1.9900000000000000       -1.4989846682855725     
   2.0000000000000000       -1.5059431788000026     
   2.0100000000000002       -1.5104186207814538     
   2.0200000000000000       -1.5124094263185759     
   2.0300000000000002       -1.5119258290649198     
   2.0400000000000000       -1.5089896311262376     
   2.0499999999999998       -1.5036338886505889     
   2.0600000000000001       -1.4959025206943966     
   2.0699999999999998       -1.4858498465426719     
   2.0800000000000001       -1.4735400571936919     
   2.0899999999999999       -1.4590466271739857     
   2.1000000000000001       -1.4424516732264103     
   2.1099999999999999       -1.4238452667112300     
   2.1200000000000001       -1.4033247067770569     
   2.1299999999999999       -1.3809937614960459     
   2.1400000000000001       -1.3569618842175182     
   2.1499999999999999       -1.3313434123784118     
   2.1600000000000001       -1.3042567559210838     
   2.1699999999999999       -1.2758235823127180     
   2.1800000000000002       -1.2461680049402397     
   2.1899999999999999       -1.2154157813757327     
   2.2000000000000002       -1.1836935276745959     
   2.2100000000000000       -1.1511279544885931     
   2.2200000000000002       -1.1178451303540156     
   2.2300000000000000       -1.0839697770580716     
   2.2400000000000002       -1.0496246015004917     
   2.2500000000000000       -1.0149296679585411     
   2.2600000000000002      -0.98000181413870535     
   2.2700000000000000      -0.94495411386326666     
   2.2800000000000002      -0.90989538870092446     
   2.2900000000000000      -0.87492977031337116     
   2.3000000000000003      -0.84015631475966723     
   2.3100000000000001      -0.80566866948267424     
   2.3199999999999998      -0.77155479320120379     
   2.3300000000000001      -0.73789672845257959     
   2.3399999999999999      -0.70477042607650386     
   2.3500000000000001      -0.67224562050613723     
   2.3599999999999999      -0.64038575433903333     
   2.3700000000000001      -0.60924795030120416     
   2.3799999999999999      -0.57888302839454220     
   2.3900000000000001      -0.54933556573194020     
   2.3999999999999999      -0.52064399631737834     
   2.4100000000000001      -0.49284074781982390     
   2.4199999999999999      -0.46595241222072026     
   2.4300000000000002      -0.43999994708423806     
   2.4399999999999999      -0.41499890410703849     
   2.4500000000000002      -0.39095968154854016     
   2.4600000000000000      -0.36788779712256692     
   2.4700000000000002      -0.34578417794466448     
   2.4800000000000000      -0.32464546417462925     
   2.4900000000000002      -0.30446432306845411     
   2.5000000000000000      -0.28522977025575613     
   2.5100000000000002      -0.26692749518502107     
   2.5200000000000000      -0.24954018782731588     
   2.5300000000000002      -0.23304786389637089     
   2.5400000000000000      -0.21742818602670741     
   2.5500000000000003      -0.20265677854865868     
   2.5600000000000001      -0.18870753370711923     
   2.5699999999999998      -0.17555290738686016     
   2.5800000000000001      -0.16316420262858636     
   2.5899999999999999      -0.15151183944407490     
   2.6000000000000001      -0.14056560966321860     
   2.6099999999999999      -0.13029491576842989     
   2.6200000000000001      -0.12066899289030475     
   2.6299999999999999      -0.11165711335095871     
   2.6400000000000001      -0.10322877334606549     
   2.6499999999999999       -9.5353861551838046E-002
   2.6600000000000001       -8.8002809627599585E-002
   2.6699999999999999       -8.1146724756955557E-002
   2.6800000000000002       -7.4757504529916724E-002
   2.6899999999999999       -6.8807934613875146E-002
   2.7000000000000002       -6.3271769792393823E-002
   2.7100000000000000       -5.8123799067063976E-002
   2.7200000000000002       -5.3339895618821673E-002
   2.7300000000000000       -4.8897052511185472E-002
   2.7400000000000002       -4.4773405088856452E-002
   2.7500000000000000       -4.0948241081376020E-002
   2.7600000000000002       -3.7401999463377578E-002
   2.7700000000000000       -3.4116259150982618E-002
   2.7800000000000002       -3.1073718628676781E-002
   2.7900000000000000       -2.8258167603322882E-002
   2.8000000000000003       -2.5654451772634663E-002
   2.8100000000000001       -2.3248431775344542E-002
   2.8199999999999998       -2.1026937360407422E-002
   2.8300000000000001       -1.8977717773890786E-002
   2.8399999999999999       -1.7089389315699113E-002
   2.8500000000000001       -1.5351380965085587E-002
   2.8599999999999999       -1.3753878914951272E-002
   2.8700000000000001       -1.2287770791375167E-002
   2.8799999999999999       -1.0944590267600980E-002
   2.8900000000000001       -9.7164627118287942E-003
   2.8999999999999999       -8.5960524366355193E-003
   2.9100000000000001       -7.5765120454875422E-003
   2.9199999999999999       -6.6514342995862364E-003
   2.9300000000000002       -5.8148068568832827E-003
   2.9399999999999999       -5.0609701653711600E-003
   2.9500000000000002       -4.3845787252536532E-003
   2.9600000000000000       -3.7805658700269607E-003
   2.9700000000000002       -3.2441121553186407E-003
   2.9800000000000000       -2.7706173870046774E-003
   2.9900000000000002       -2.3556762670770863E-003
   3.0000000000000000       -1.9950575871986761E-003
   3.0100000000000002       -1.6846868561676304E-003
   3.0200000000000000       -1.4206322087338468E-003
   3.0300000000000002       -1.1990934094977879E-003
   3.0400000000000000       -1.0163937369884126E-003
   3.0500000000000003       -8.6897450945031094E-004
   3.0600000000000001       -7.5339199529725202E-004
   3.0700000000000003       -6.6631643744452268E-004
   3.0800000000000001       -6.0453291168636536E-004
   3.0899999999999999       -5.6494373466956351E-004
   3.1000000000000001       -5.4457213660484040E-004
   3.1099999999999999       -5.4056691734298676E-004
   3.1200000000000001       -5.5020781153827911E-004
   3.1299999999999999       -5.7091129894115353E-004
   3.1400000000000001       -6.0023660911950709E-004
   3.1499999999999999       -6.3589168568191703E-004
   3.1600000000000001       -6.7573889302919871E-004
   3.1699999999999999       -7.1780026842150995E-004
   3.1800000000000002       -7.6026214333624656E-004
   3.1899999999999999       -8.0147898035798175E-004
   3.2000000000000002       -8.3997629482573347E-004
   3.2100000000000000       -8.7445255384114684E-004
   3.2200000000000002       -9.0377996867535787E-004
   3.2300000000000000       -9.2700411981656286E-004
   3.2400000000000002       -9.4334237658797446E-004
   3.2500000000000000       -9.5218109517880740E-004
   3.2600000000000002       -9.5307159984026123E-004
   3.2700000000000000       -9.4572497170080901E-004
   3.2800000000000002       -9.3000568796460013E-004
   3.2900000000000000       -9.0592417102010867E-004
   3.3000000000000003       -8.7362832209854162E-004
   3.3100000000000001       -8.3339412744533651E-004
   3.3200000000000003       -7.8561543648322069E-004
   3.3300000000000001       -7.3079302104902329E-004
   3.3399999999999999       -6.6952303252277028E-004
   3.3500000000000001       -6.0248497946328167E-004
   3.3599999999999999       -5.3042935232945577E-004
   3.3700000000000001       -4.5416502396535398E-004
   3.3799999999999999       -3.7454655488805056E-004
   3.3900000000000001       -2.9246153108334694E-004
   3.3999999999999999       -2.0881805910217893E-004
   3.4100000000000001       -1.2453253886247158E-004
   3.4199999999999999       -4.0517828823882714E-005
   3.4300000000000002        4.2328088754397907E-005
   3.4399999999999999        1.2313284280282923E-004
   3.4500000000000002        2.0105971797697354E-004
   3.4600000000000000        2.7531692780294120E-004
   3.4700000000000002        3.4516604589638321E-004
   3.4800000000000000        4.0992953559810619E-004
   3.4900000000000002        4.6899732960771875E-004
   3.5000000000000000        5.2183242260475204E-004
   3.5100000000000002        5.6797545133230776E-004
   3.5200000000000000        6.0704824800651680E-004
   3.5300000000000002        6.3875636411237717E-004
   3.5400000000000000        6.6289057249497565E-004
   3.5500000000000003        6.7932736609911963E-004
   3.5600000000000001        6.8802848158413664E-004
   3.5700000000000003        6.8903948531787379E-004
   3.5800000000000001        6.8248746780351030E-004
   3.5899999999999999        6.6857790039166060E-004
   3.6000000000000001        6.4759071507716412E-004
   3.6099999999999999        6.1987567427943999E-004
   3.6200000000000001        5.8584710267478666E-004
   3.6299999999999999        5.4597805740793151E-004
   3.6400000000000001        5.0079401631972806E-004
   3.6499999999999999        4.5086616620207057E-004
   3.6600000000000001        3.9680437452842423E-004
   3.6699999999999999        3.3924992864598153E-004
   3.6800000000000002        2.7886812605470941E-004
   3.6899999999999999        2.1634079820041991E-004
   3.7000000000000002        1.5235884820244083E-004
   3.7100000000000000        8.7614880175744075E-005
   3.7200000000000002        2.2795994348037253E-005
   3.7300000000000000       -4.1423181923450682E-005
   3.7400000000000002       -1.0438716179908791E-004
   3.7500000000000000       -1.6546590500636325E-004
   3.7600000000000002       -2.2406070763585138E-004
   3.7700000000000000       -2.7960962699482580E-004
   3.7800000000000002       -3.3159239908498811E-004
   3.7900000000000000       -3.7953481274091390E-004
   3.8000000000000003       -4.2301251107741629E-004
   3.8100000000000001       -4.6165419757246634E-004
   3.8200000000000003       -4.9514423080407343E-004
   3.8300000000000001       -5.2322459846598464E-004
   3.8399999999999999       -5.4569626778955521E-004
   3.8500000000000001       -5.6241991579156290E-004
   3.8599999999999999       -5.7331604883461619E-004
   3.8700000000000001       -5.7836452674493884E-004
   3.8799999999999999       -5.7760351216236611E-004
   3.8900000000000001       -5.7112787083947155E-004
   3.8999999999999999       -5.5908705322987515E-004
   3.9100000000000001       -5.4168249189178916E-004
   3.9199999999999999       -5.1916455293382136E-004
   3.9300000000000002       -4.9182908295056552E-004
   3.9399999999999999       -4.6001359560233931E-004
   3.9500000000000002       -4.2409314419624507E-004
   3.9600000000000000       -3.8447592829848551E-004
   3.9700000000000002       -3.4159868358029082E-004
   3.9800000000000000       -2.9592190475115311E-004
   3.9900000000000002       -2.4792495159641788E-004
   4.0000000000000000       -1.9810108781256246E-004
   4.0099999999999998       -1.4695250154946526E-004
   4.0200000000000005       -9.4985355349194893E-005
   4.0300000000000002       -4.2704911531023727E-005
   4.0400000000000000        9.3892229380298662E-006
   4.0499999999999998        6.0807690425649814E-005
   4.0600000000000005        1.1107577648345891E-004
   4.0700000000000003        1.5973756755393269E-004
   4.0800000000000001        2.0635983972885268E-004
   4.0899999999999999        2.5053564917376945E-004
   4.0999999999999996        2.9188759841987090E-004
   4.1100000000000003        3.3007075643406774E-004
   4.1200000000000001        3.6477521418403055E-004
   4.1299999999999999        3.9572826127652334E-004
   4.1399999999999997        4.2269617311108213E-004
   4.1500000000000004        4.4548560185090605E-004
   4.1600000000000001        4.6394456830582269E-004
   4.1699999999999999        4.7796305553292426E-004
   4.1799999999999997        4.8747320855211691E-004
   4.1900000000000004        4.9244914801659296E-004
   4.2000000000000002        4.9290640895109151E-004
   4.2100000000000000        4.8890101874308253E-004
   4.2199999999999998        4.8052823142646770E-004
   4.2300000000000004        4.6792093792145039E-004
   4.2400000000000002        4.5124777424910921E-004
   4.2500000000000000        4.3071095185301834E-004
   4.2599999999999998        4.0654383597294873E-004
   4.2700000000000005        3.7900829956233708E-004
   4.2800000000000002        3.4839188149549626E-004
   4.2900000000000000        3.1500477876724440E-004
   4.2999999999999998        2.7917670307220789E-004
   4.3100000000000005        2.4125363252756510E-004
   4.3200000000000003        2.0159448942136233E-004
   4.3300000000000001        1.6056777469662848E-004
   4.3399999999999999        1.1854818945843741E-004
   4.3500000000000005        7.5913273112120121E-005
   4.3600000000000003        3.3040086824244187E-005
   4.3700000000000001       -9.6980301342262734E-006
   4.3799999999999999       -5.1934604950031083E-005
   4.3899999999999997       -9.3313052047607576E-005
   4.4000000000000004       -1.3348954709683098E-004
   4.4100000000000001       -1.7213573310754474E-004
   4.4199999999999999       -2.0894123943813775E-004
   4.4299999999999997       -2.4361599663473381E-004
   4.4400000000000004       -2.7589233217695686E-004
   4.4500000000000002       -3.0552683444843269E-004
   4.4600000000000000       -3.3230197452375218E-004
   4.4699999999999998       -3.5602747766610358E-004
   4.4800000000000004       -3.7654143874149668E-004
   4.4900000000000002       -3.9371117803996709E-004
   4.5000000000000000       -4.0743383625819877E-004
   4.5099999999999998       -4.1763670959673942E-004
   4.5200000000000005       -4.2427732806756891E-004
   4.5300000000000002       -4.2734328215423114E-004
   4.5400000000000000       -4.2685180492472806E-004
   4.5499999999999998       -4.2284911853283003E-004
   4.5600000000000005       -4.1540955576488685E-004
   4.5700000000000003       -4.0463446886957475E-004
   4.5800000000000001       -3.9065093934468015E-004
   4.5899999999999999       -3.7361030364586943E-004
   4.6000000000000005       -3.5368651091147749E-004
   4.6100000000000003       -3.3107432976421035E-004
   4.6200000000000001       -3.0598742205883094E-004
   4.6299999999999999       -2.7865630207658782E-004
   4.6399999999999997       -2.4932620014229886E-004
   4.6500000000000004       -2.1825484994206717E-004
   4.6600000000000001       -1.8571021896086971E-004
   4.6699999999999999       -1.5196820144204988E-004
   4.6799999999999997       -1.1731029309621478E-004
   4.6900000000000004       -8.2021266462623118E-005
   4.7000000000000002       -4.6386865366125450E-005
   4.7100000000000000       -1.0691536307655034E-005
   4.7199999999999998        2.4783786095224514E-005
   4.7300000000000004        5.9763823342971353E-005
   4.7400000000000002        9.3981011638204256E-005
   4.7500000000000000        1.2717746053682246E-004
   4.7599999999999998        1.5910679851074012E-004
   4.7700000000000005        1.8953589347109760E-004
   4.7800000000000002        2.1824643756142441E-004
   4.7900000000000000        2.4503638684999888E-004
   4.7999999999999998        2.6972124789704187E-004
   4.8100000000000005        2.9213520455707322E-004
   4.8200000000000003        3.1213207977014000E-004
   4.8300000000000001        3.2958612849537595E-004
   4.8399999999999999        3.4439265933411536E-004
   4.8500000000000005        3.5646848376266548E-004
   4.8600000000000003        3.6575219324627863E-004
   4.8700000000000001        3.7220426581334540E-004
   4.8799999999999999        3.7580700493685591E-004
   4.8899999999999997        3.7656431477623380E-004
   4.9000000000000004        3.7450131698524530E-004
   4.9100000000000001        3.6966381536661993E-004
   4.9199999999999999        3.6211761565913090E-004
   4.9299999999999997        3.5194770866459892E-004
   4.9400000000000004        3.3925732575658987E-004
   4.9500000000000002        3.2416687656281943E-004
   4.9600000000000000        3.0681277926318464E-004
   4.9699999999999998        2.8734619450472939E-004
   4.9800000000000004        2.6593167439768598E-004
   4.9900000000000002        2.4274573841758263E-004
   5.0000000000000000        2.1797538830810968E-004
   5.0099999999999998        1.9181657424503315E-004
   5.0200000000000005        1.6447262459819655E-004
   5.0300000000000002        1.3615265160659692E-004
   5.0400000000000000        1.0706994517255658E-004
   5.0499999999999998        7.7440366781228020E-005
   5.0600000000000005        4.7480755273278678E-005
   5.0700000000000003        1.7407355833051214E-005
   5.0800000000000001       -1.2565716875040257E-005
   5.0899999999999999       -4.2227970998575504E-005
   5.1000000000000005       -7.1373975358025299E-005
   5.1100000000000003       -9.9804733645321436E-005
   5.1200000000000001       -1.2732898640446208E-004
   5.1299999999999999       -1.5376443296024245E-004
   5.1399999999999997       -1.7893886622331621E-004
   5.1500000000000004       -2.0269121409265689E-004
   5.1600000000000001       -2.2487248199299549E-004
   5.1699999999999999       -2.4534659192450796E-004
   5.1799999999999997       -2.6399111424992266E-004
   5.1900000000000004       -2.8069788929997752E-004
   5.2000000000000002       -2.9537353673336482E-004
   5.2100000000000000       -3.0793985143473448E-004
   5.2199999999999998       -3.1833408557014307E-004
   5.2300000000000004       -3.2650911723709872E-004
   5.2400000000000002       -3.3243350694017526E-004
   5.2500000000000000       -3.3609144388756918E-004
   5.2599999999999998       -3.3748258483598314E-004
   5.2700000000000005       -3.3662178890782758E-004
   5.2800000000000002       -3.3353875245304543E-004
   5.2900000000000000       -3.2827754864000005E-004
   5.2999999999999998       -3.2089607701690114E-004
   5.3100000000000005       -3.1146542879370380E-004
   5.3200000000000003       -3.0006917405303157E-004
   5.3300000000000001       -2.8680257749433931E-004
   5.3399999999999999       -2.7177174966636509E-004
   5.3500000000000005       -2.5509274092421771E-004
   5.3600000000000003       -2.3689058558208089E-004
   5.3700000000000001       -2.1729830390167140E-004
   5.3799999999999999       -1.9645586967229040E-004
   5.3899999999999997       -1.7450915119683735E-004
   5.4000000000000004       -1.5160883349868857E-004
   5.4100000000000001       -1.2790932951594702E-004
   5.4199999999999999       -1.0356768794145912E-004
   5.4299999999999997       -7.8742505215438196E-005
   5.4400000000000004       -5.3592848976431559E-005
   5.4500000000000002       -2.8277200023804422E-005
   5.4600000000000000       -2.9524195622927061E-006
   5.4699999999999998        2.2227251835371064E-005
   5.4800000000000004        4.7111157473916289E-005
   5.4900000000000002        7.1553144312804475E-005
   5.5000000000000000        9.5412434025008873E-005
   5.5099999999999998        1.1855444054064432E-004
   5.5200000000000005        1.4085152974747394E-004
   5.5300000000000002        1.6218371751576736E-004
   5.5400000000000000        1.8243930271552060E-004
   5.5499999999999998        2.0151543241250488E-004
   5.5600000000000005        2.1931859694695435E-004
   5.5700000000000003        2.3576505312585688E-004
   5.5800000000000001        2.5078117428088724E-004
   5.5899999999999999        2.6430372646321507E-004
   5.6000000000000005        2.7628007055581955E-004
   5.6100000000000003        2.8666829058719354E-004
   5.6200000000000001        2.9543724901065873E-004
   5.6299999999999999        3.0256657018674476E-004
   5.6399999999999997        3.0804655375263860E-004
   5.6500000000000004        3.1187801999038145E-004
   5.6600000000000001        3.1407208970624556E-004
   5.6699999999999999        3.1464990151182365E-004
   5.6799999999999997        3.1364226974301345E-004
   5.6900000000000004        3.1108928657137591E-004
   5.7000000000000002        3.0703987214822186E-004
   5.7100000000000000        3.0155127687552424E-004
   5.7199999999999998        2.9468854011957822E-004
   5.7300000000000004        2.8652390986907522E-004
   5.7400000000000002        2.7713622799197977E-004
   5.7500000000000000        2.6661028586515530E-004
   5.7599999999999998        2.5503615523310701E-004
   5.7700000000000005        2.4250849920511879E-004
   5.7800000000000002        2.2912586831303733E-004
   5.7900000000000000        2.1498998654106714E-004
   5.7999999999999998        2.0020503218696917E-004
   5.8100000000000005        1.8487691833972531E-004
   5.8200000000000003        1.6911257764852961E-004
   5.8300000000000001        1.5301925592508284E-004
   5.8399999999999999        1.3670381895825858E-004
   5.8500000000000005        1.2027207673460220E-004
   5.8600000000000003        1.0382812904981774E-004
   5.8700000000000001        8.7473736266459090E-005
   5.8799999999999999        7.1307718723869591E-005
   5.8899999999999997        5.5425388043390123E-005
   5.9000000000000004        3.9918013289689187E-005
   5.9100000000000001        2.4872324658724744E-005
   5.9199999999999999        1.0370057059713851E-005
   5.9299999999999997       -3.5124643517566001E-006
   5.9400000000000004       -1.6704694948664009E-005
   5.9500000000000002       -2.9142196294678709E-005
   5.9600000000000000       -4.0766915593721712E-005
   5.9699999999999998       -5.1527418148951157E-005
   5.9800000000000004       -6.1379072369970093E-005
   5.9900000000000002       -7.0284187182502727E-005
   6.0000000000000000       -7.8212102000819740E-005
