   0.0000000000000000        0.0000000000000000     
   1.0000000000000000E-002   2.8166461250555804E-006
   2.0000000000000000E-002   2.6992127024978170E-006
   2.9999999999999999E-002  -4.2625653051790021E-006
   4.0000000000000001E-002  -6.2591995501673521E-006
   5.0000000000000003E-002  -1.2158878736275498E-006
   5.9999999999999998E-002   5.7478613593865831E-006
   7.0000000000000007E-002   9.1116166752474435E-006
   8.0000000000000002E-002   6.7284055098073099E-006
   8.9999999999999997E-002   9.8574114235051758E-008
  0.10000000000000001       -7.2919629813524590E-006
  0.11000000000000000       -1.1988068590499817E-005
  0.12000000000000000       -1.1982544518338100E-005
  0.13000000000000000       -7.2218877960952256E-006
  0.14000000000000001        6.7796711168984050E-007
  0.14999999999999999        9.1832309462284632E-006
  0.16000000000000000        1.5713953156318701E-005
  0.17000000000000001        1.8367154403787243E-005
  0.17999999999999999        1.6340809307926630E-005
  0.19000000000000000        1.0021984141709476E-005
  0.20000000000000001        7.8822355732832197E-007
  0.20999999999999999       -9.3792603632799432E-006
  0.22000000000000000       -1.8356676837396464E-005
  0.23000000000000001       -2.4309904548195183E-005
  0.23999999999999999       -2.6021828726644577E-005
  0.25000000000000000       -2.3072547259309730E-005
  0.26000000000000001       -1.5863310895442342E-005
  0.27000000000000002       -5.5022466793382965E-006
  0.28000000000000003        6.4115254333596550E-006
  0.28999999999999998        1.8059512299809153E-005
  0.29999999999999999        2.7684535882225890E-005
  0.31000000000000000        3.3839699416672662E-005
  0.32000000000000001        3.5575160281643735E-005
  0.33000000000000002        3.2544733911365117E-005
  0.34000000000000002        2.5027014839874056E-005
  0.35000000000000003        1.3866952308256259E-005
  0.35999999999999999        3.5259215180833945E-007
  0.37000000000000000       -1.3952564371810358E-005
  0.38000000000000000       -2.7398537517462846E-005
  0.39000000000000001       -3.8436426452782364E-005
  0.40000000000000002       -4.5784464054853742E-005
  0.41000000000000003       -4.8556881424127819E-005
  0.41999999999999998       -4.6345303438391822E-005
  0.42999999999999999       -3.9248136406868427E-005
  0.44000000000000000       -2.7848882456325889E-005
  0.45000000000000001       -1.3149050274132472E-005
  0.46000000000000002        3.5350003368868676E-006
  0.47000000000000003        2.0699523976573908E-005
  0.47999999999999998        3.6792285357454147E-005
  0.48999999999999999        5.0350105664701419E-005
  0.50000000000000000        6.0123442618589147E-005
  0.51000000000000001        6.5178387333306737E-005
  0.52000000000000002        6.4969038649084076E-005
  0.53000000000000003        5.9376101440154361E-005
  0.54000000000000004        4.8710492576537833E-005
  0.55000000000000004        3.3683499609550321E-005
  0.56000000000000005        1.5347437609519491E-005
  0.57000000000000006       -4.9873471446137546E-006
  0.57999999999999996       -2.5851955996956213E-005
  0.58999999999999997       -4.5727021813028452E-005
  0.59999999999999998       -6.3151416538586411E-005
  0.60999999999999999       -7.6824048672755559E-005
  0.62000000000000000       -8.5692134204475568E-005
  0.63000000000000000       -8.9020608096374184E-005
  0.64000000000000001       -8.6438877471839372E-005
  0.65000000000000002       -7.7962783039250665E-005
  0.66000000000000003       -6.3991316932815879E-005
  0.67000000000000004       -4.5279238637386325E-005
  0.68000000000000005       -2.2888147229788093E-005
  0.69000000000000006        1.8802619402246831E-006
  0.70000000000000007        2.7564153540067998E-005
  0.70999999999999996        5.2629567218371252E-005
  0.71999999999999997        7.5561114603345833E-005
  0.72999999999999998        9.4950076446077134E-005
  0.73999999999999999        1.0957500132741139E-004
  0.75000000000000000        1.1847053751579833E-004
  0.76000000000000001        1.2098105534954974E-004
  0.77000000000000002        1.1679658162864713E-004
  0.78000000000000003        1.0596961020126678E-004
  0.79000000000000004        8.8912415231943764E-005
  0.80000000000000004        6.6375520287151606E-005
  0.81000000000000005        3.9408918091795058E-005
  0.82000000000000006        9.3084513755407918E-006
  0.83000000000000007       -2.2449577447192528E-005
  0.83999999999999997       -5.4282022989190609E-005
  0.84999999999999998       -8.4576910381187006E-005
  0.85999999999999999       -1.1177192528573300E-004
  0.87000000000000000       -1.3442955658015914E-004
  0.88000000000000000       -1.5130533598755751E-004
  0.89000000000000001       -1.6140603671847668E-004
  0.90000000000000002       -1.6403523323348218E-004
  0.91000000000000003       -1.5882425543476482E-004
  0.92000000000000004       -1.4574725980758186E-004
  0.93000000000000005       -1.2511985358457819E-004
  0.94000000000000006       -9.7581413193610945E-005
  0.95000000000000007       -6.4061904683758106E-005
  0.95999999999999996       -2.5734614451528322E-005
  0.96999999999999997        1.6043289286473759E-005
  0.97999999999999998        5.9800038065536790E-005
  0.98999999999999999        1.0402577457218948E-004
   1.0000000000000000        1.4725351938871796E-004
   1.0100000000000000        1.8814178451581468E-004
   1.0200000000000000        2.2555611448380641E-004
   1.0300000000000000        2.5864704017692204E-004
   1.0400000000000000        2.8692223705931489E-004
   1.0500000000000000        3.1031107209171510E-004
   1.0600000000000001        3.2922018338877581E-004
   1.0700000000000001        3.4457924278441147E-004
   1.0800000000000001        3.5787658215012729E-004
   1.0900000000000001        3.7118489752288375E-004
   1.1000000000000001        3.8717775944105632E-004
   1.1100000000000001        4.0913813321971659E-004
   1.1200000000000001        4.4096053111563282E-004
   1.1300000000000001        4.8714876374183265E-004
   1.1400000000000001        5.5281151802692849E-004
   1.1500000000000001        6.4365815394500428E-004
   1.1599999999999999        7.6599717619500567E-004
   1.1699999999999999        9.2673979743607810E-004
   1.1799999999999999        1.1334108675643570E-003
   1.1899999999999999        1.3941692031579618E-003
   1.2000000000000000        1.7178390200463562E-003
   1.2100000000000000        2.1139537601444010E-003
   1.2200000000000000        2.5928131238746135E-003
   1.2300000000000000        3.1655535862222949E-003
   1.2400000000000000        3.8442321037698663E-003
   1.2500000000000000        4.6419221290034812E-003
   1.2600000000000000        5.5728204542839100E-003
   1.2700000000000000        6.6523628286185620E-003
   1.2800000000000000        7.8973457427963956E-003
   1.2900000000000000        9.3260512786050489E-003
   1.3000000000000000        1.0958371480483694E-002
   1.3100000000000001        1.2815928346081995E-002
   1.3200000000000001        1.4922185256865499E-002
   1.3300000000000001        1.7302545489873512E-002
   1.3400000000000001        1.9984433373486491E-002
   1.3500000000000001        2.2997353677376677E-002
   1.3600000000000001        2.6372924961145305E-002
   1.3700000000000001        3.0144882846218846E-002
   1.3800000000000001        3.4349049517795764E-002
   1.3900000000000001        3.9023266202039456E-002
   1.4000000000000001        4.4207285890192502E-002
   1.4099999999999999        4.9942624185875868E-002
   1.4199999999999999        5.6272366822877846E-002
   1.4299999999999999        6.3240933125217211E-002
   1.4399999999999999        7.0893795445146277E-002
   1.4500000000000000        7.9277155403216767E-002
   1.4600000000000000        8.8437578552398532E-002
   1.4700000000000000        9.8421589880182278E-002
   1.4800000000000000       0.10927523333356598     
   1.4900000000000000       0.12104359928727547     
   1.5000000000000000       0.13377032456169011     
   1.5100000000000000       0.14749707022111477     
   1.5200000000000000       0.16226298293370808     
   1.5300000000000000       0.17810414614165287     
   1.5400000000000000       0.19505302766559710     
   1.5500000000000000       0.21313793064435477     
   1.5600000000000001       0.23238245488456724     
   1.5700000000000001       0.25280497576235972     
   1.5800000000000001       0.27441814777904444     
   1.5900000000000001       0.29722843972613233     
   1.6000000000000001       0.32123570816397551     
   1.6100000000000001       0.34643281556734873     
   1.6200000000000001       0.37280529904596704     
   1.6300000000000001       0.40033109501553865     
   1.6400000000000001       0.42898032458388274     
   1.6500000000000001       0.45871514373651695     
   1.6600000000000001       0.48948966166737556     
   1.6699999999999999       0.52124992981419438     
   1.6799999999999999       0.55393400333626963     
   1.6899999999999999       0.58747207592683037     
   1.7000000000000000       0.62178668799534031     
   1.7100000000000000       0.65679300739862256     
   1.7200000000000000       0.69239918105578313     
   1.7300000000000000       0.72850675496170270     
   1.7400000000000000       0.76501115932826913     
   1.7500000000000000       0.80180225484158785     
   1.7600000000000000       0.83876493533621277     
   1.7700000000000000       0.87577978156236480     
   1.7800000000000000       0.91272376016615642     
   1.7900000000000000       0.94947096152209820     
   1.8000000000000000       0.98589336965649321     
   1.8100000000000001        1.0218616571832186     
   1.8200000000000001        1.0572459979424527     
   1.8300000000000001        1.0919168898891081     
   1.8400000000000001        1.1257459807211654     
   1.8500000000000001        1.1586068887676879     
   1.8600000000000001        1.1903760117695734     
   1.8700000000000001        1.2209333163800151     
   1.8800000000000001        1.2501631014819152     
   1.8900000000000001        1.2779547287609083     
   1.9000000000000001        1.3042033143797458     
   1.9100000000000001        1.3288103760656587     
   1.9199999999999999        1.3516844304404769     
   1.9299999999999999        1.3727415359857600     
   1.9399999999999999        1.3919057776348760     
   1.9500000000000000        1.4091096896123432     
   1.9600000000000000        1.4242946137903401     
   1.9700000000000000        1.4374109914946938     
   1.9800000000000000        1.4484185873602986     
   1.9900000000000000        1.4572866445010086     
   2.0000000000000000        1.4639939709142795     
   2.0100000000000002        1.4685289576792488     
   2.0200000000000000        1.4708895301220302     
   2.0300000000000002        1.4710830337077647     
   2.0400000000000000        1.4691260569700622     
   2.0499999999999998        1.4650441942998340     
   2.0600000000000001        1.4588717518834458     
   2.0699999999999998        1.4506514005005176     
   2.0800000000000001        1.4404337792622925     
   2.0899999999999999        1.4282770546897878     
   2.1000000000000001        1.4142464397955814     
   2.1099999999999999        1.3984136780433476     
   2.1200000000000001        1.3808564972148423     
   2.1299999999999999        1.3616580383155601     
   2.1400000000000001        1.3409062646986407     
   2.1499999999999999        1.3186933565835923     
   2.1600000000000001        1.2951150960937854     
   2.1699999999999999        1.2702702478375241     
   2.1800000000000002        1.2442599399139973     
   2.1899999999999999        1.2171870500418478     
   2.2000000000000002        1.1891556012869500     
   2.2100000000000000        1.1602701716121353     
   2.2200000000000002        1.1306353211881870     
   2.2300000000000000        1.1003550410973035     
   2.2400000000000002        1.0695322267309499     
   2.2500000000000000        1.0382681788384924     
   2.2600000000000002        1.0066621348248199     
   2.2700000000000000       0.97481083252897782     
   2.2800000000000002       0.94280810834533146     
   2.2900000000000000       0.91074453117802678     
   2.3000000000000003       0.87870707335210130     
   2.3100000000000001       0.84677881924415621     
   2.3199999999999998       0.81503871204494582     
   2.3300000000000001       0.78356133872897005     
   2.3399999999999999       0.75241675298439492     
   2.3500000000000001       0.72167033555308313     
   2.3599999999999999       0.69138269114711670     
   2.3700000000000001       0.66160958084655830     
   2.3799999999999999       0.63240188864513081     
   2.3900000000000001       0.60380562059656695     
   2.3999999999999999       0.57586193482594750     
   2.4100000000000001       0.54860720050742751     
   2.4199999999999999       0.52207308377292883     
   2.4300000000000002       0.49628665840526015     
   2.4399999999999999       0.47127053908368166     
   2.4500000000000002       0.44704303488926722     
   2.4600000000000000       0.42361832074106082     
   2.4700000000000002       0.40100662442067114     
   2.4800000000000000       0.37921442685164719     
   2.4900000000000002       0.35824467332923099     
   2.5000000000000000       0.33809699344455940     
   2.5100000000000002       0.31876792751332755     
   2.5200000000000000       0.30025115740090841     
   2.5300000000000002       0.28253773973188462     
   2.5400000000000000       0.26561633958050801     
   2.5500000000000003       0.24947346285758090     
   2.5600000000000001       0.23409368573714315     
   2.5699999999999998       0.21945987960120547     
   2.5800000000000001       0.20555343012094690     
   2.5899999999999999       0.19235444923653033     
   2.6000000000000001       0.17984197894339904     
   2.6099999999999999       0.16799418593910848     
   2.6200000000000001       0.15678854632982731     
   2.6299999999999999       0.14620201973842525     
   2.6400000000000001       0.13621121229520572     
   2.6499999999999999       0.12679252812672856     
   2.6600000000000001       0.11792230908684216     
   2.6699999999999999       0.10957696259606454     
   2.6800000000000002       0.10173307757008422     
   2.6899999999999999        9.4367528524793354E-002
   2.7000000000000002        8.7457568043315267E-002
   2.7100000000000000        8.0980907879684885E-002
   2.7200000000000002        7.4915789053771539E-002
   2.7300000000000000        6.9241041362666525E-002
   2.7400000000000002        6.3936132794931419E-002
   2.7500000000000000        5.8981209385954629E-002
   2.7600000000000002        5.4357126095254948E-002
   2.7700000000000000        5.0045469320203213E-002
   2.7800000000000002        4.6028571685537992E-002
   2.7900000000000000        4.2289519764671983E-002
   2.8000000000000003        3.8812155397503899E-002
   2.8100000000000001        3.5581071270782826E-002
   2.8199999999999998        3.2581601421545259E-002
   2.8300000000000001        2.9799807312326617E-002
   2.8399999999999999        2.7222460109308500E-002
   2.8500000000000001        2.4837019771977914E-002
   2.8599999999999999        2.2631611535771090E-002
   2.8700000000000001        2.0595000338276472E-002
   2.8799999999999999        1.8716563705443411E-002
   2.8900000000000001        1.6986263577501153E-002
   2.8999999999999999        1.5394617515575250E-002
   2.9100000000000001        1.3932669689814199E-002
   2.9199999999999999        1.2591962008820042E-002
   2.9300000000000002        1.1364505708762266E-002
   2.9399999999999999        1.0242753679322222E-002
   2.9500000000000002        9.2195737629047689E-003
   2.9600000000000000        8.2882232238868942E-003
   2.9700000000000002        7.4423245463378432E-003
   2.9800000000000000        6.6758426820002119E-003
   2.9900000000000002        5.9830638356710994E-003
   3.0000000000000000        5.3585758426610442E-003
   3.0100000000000002        4.7972501629879394E-003
   3.0200000000000000        4.2942254894952191E-003
   3.0300000000000002        3.8448929423223130E-003
   3.0400000000000000        3.4448828001494734E-003
   3.0500000000000003        3.0900526994495389E-003
   3.0600000000000001        2.7764772165941500E-003
   3.0700000000000003        2.5004387340711951E-003
   3.0800000000000001        2.2584194811920998E-003
   3.0899999999999999        2.0470946314453545E-003
   3.1000000000000001        1.8633263329493890E-003
   3.1099999999999999        1.7041585451483333E-003
   3.1200000000000001        1.5668125538523623E-003
   3.1299999999999999        1.4486830377312444E-003
   3.1400000000000001        1.3473345623025829E-003
   3.1499999999999999        1.2604983820933631E-003
   3.1600000000000001        1.1860694377889946E-003
   3.1699999999999999        1.1221034426639731E-003
   3.1800000000000002        1.0668139611476717E-003
   3.1899999999999999        1.0185693918774621E-003
   3.2000000000000002        9.7588977777514742E-004
   3.2100000000000000        9.3744337641018789E-004
   3.2200000000000002        9.0204293495022654E-004
   3.2300000000000000        8.6864162520947715E-004
   3.2400000000000002        8.3632860549116524E-004
   3.2500000000000000        8.0432418694190025E-004
   3.2600000000000002        7.7197459284517912E-004
   3.2700000000000000        7.3874630954754144E-004
   3.2800000000000002        7.0422003742668087E-004
   3.2900000000000000        6.6808425934981755E-004
   3.3000000000000003        6.3012845239294438E-004
   3.3100000000000001        5.9023597606618051E-004
   3.3200000000000003        5.4837667691812100E-004
   3.3300000000000001        5.0459925507985144E-004
   3.3399999999999999        4.5902344308145838E-004
   3.3500000000000001        4.1183205105099855E-004
   3.3599999999999999        3.6326293526186274E-004
   3.3700000000000001        3.1360094886813194E-004
   3.3799999999999999        2.6316993463214501E-004
   3.3900000000000001        2.1232481951157948E-004
   3.3999999999999999        1.6144387017982684E-004
   3.4100000000000001        1.1092116696067351E-004
   3.4199999999999999        6.1159351313058697E-005
   3.4300000000000002        1.2562698978773776E-005
   3.4399999999999999       -3.4469432738769553E-005
   3.4500000000000002       -7.9548739274808584E-005
   3.4600000000000000       -1.2230364504860227E-004
   3.4700000000000002       -1.6238448705506214E-004
   3.4800000000000000       -1.9946817655407299E-004
   3.4900000000000002       -2.3326231519370296E-004
   3.5000000000000000       -2.6350874763868422E-004
   3.5100000000000002       -2.8998653859335004E-004
   3.5200000000000000       -3.1251436792885954E-004
   3.5300000000000002       -3.3095234338878564E-004
   3.5400000000000000       -3.4520323596681069E-004
   3.5500000000000003       -3.5521314850026542E-004
   3.5600000000000001       -3.6097163320073292E-004
   3.5700000000000003       -3.6251127874579222E-004
   3.5800000000000001       -3.5990679209054464E-004
   3.5899999999999999       -3.5327360432845471E-004
   3.6000000000000001       -3.4276603366594421E-004
   3.6099999999999999       -3.2857504187814429E-004
   3.6200000000000001       -3.1092562343729022E-004
   3.6299999999999999       -2.9007386885250921E-004
   3.6400000000000001       -2.6630374561425086E-004
   3.6499999999999999       -2.3992364149334690E-004
   3.6600000000000001       -2.1126271580199771E-004
   3.6699999999999999       -1.8066710460872869E-004
   3.6800000000000002       -1.4849602579096306E-004
   3.6899999999999999       -1.1511782925727354E-004
   3.7000000000000002       -8.0906036671786919E-005
   3.7100000000000000       -4.6235413612035620E-005
   3.7200000000000002       -1.1478115295463715E-005
   3.7300000000000000        2.3000055130659264E-005
   3.7400000000000002        5.6843239199750831E-005
   3.7500000000000000        8.9708932851700185E-005
   3.7600000000000002        1.2127118247307171E-004
   3.7700000000000000        1.5122353965050335E-004
   3.7800000000000002        1.7928175039813878E-004
   3.7900000000000000        2.0518615811572206E-004
   3.8000000000000003        2.2870380311179511E-004
   3.8100000000000001        2.4963020515951566E-004
   3.8200000000000003        2.6779081919945334E-004
   3.8300000000000001        2.8304215791641573E-004
   3.8399999999999999        2.9527257848486067E-004
   3.8500000000000001        3.0440273424287283E-004
   3.8599999999999999        3.1038569540078453E-004
   3.8700000000000001        3.1320674608195605E-004
   3.8799999999999999        3.1288286801473307E-004
   3.8900000000000001        3.0946192400624746E-004
   3.8999999999999999        3.0302155692110943E-004
   3.9100000000000001        2.9366782225060648E-004
   3.9199999999999999        2.8153357445094768E-004
   3.9300000000000002        2.6677662907376631E-004
   3.9399999999999999        2.4957772426853361E-004
   3.9500000000000002        2.3013830652793307E-004
   3.9600000000000000        2.0867816654092337E-004
   3.9700000000000002        1.8543295174727460E-004
   3.9800000000000000        1.6065158261991633E-004
   3.9900000000000002        1.3459359987511352E-004
   4.0000000000000000        1.0752646970913643E-004
   4.0099999999999998        7.9722873801816582E-005
   4.0200000000000005        5.1458010237015270E-005
   4.0300000000000002        2.3006930648722992E-005
   4.0400000000000000       -5.3580621284044559E-006
   4.0499999999999998       -3.3369932881451970E-005
   4.0600000000000005       -6.0769327697977126E-005
   4.0700000000000003       -8.7306862475855566E-005
   4.0800000000000001       -1.1274526795371638E-004
   4.0899999999999999       -1.3686137479175604E-004
   4.0999999999999996       -1.5944792417210487E-004
   4.1100000000000003       -1.8031519139900272E-004
   4.1200000000000001       -1.9929241205109987E-004
   4.1299999999999999       -2.1622900234511045E-004
   4.1399999999999997       -2.3099556748252306E-004
   4.1500000000000004       -2.4348469387225029E-004
   4.1600000000000001       -2.5361152320376801E-004
   4.1699999999999999       -2.6131410839581881E-004
   4.1799999999999997       -2.6655355342659881E-004
   4.1900000000000004       -2.6931394096210237E-004
   4.2000000000000002       -2.6960205351468842E-004
   4.2100000000000000       -2.6744689557812491E-004
   4.2199999999999998       -2.6289902577646080E-004
   4.2300000000000004       -2.5602970953770990E-004
   4.2400000000000002       -2.4692990412622610E-004
   4.2500000000000000       -2.3570908906145313E-004
   4.2599999999999998       -2.2249395598258231E-004
   4.2700000000000005       -2.0742697289899919E-004
   4.2800000000000002       -1.9066483849502052E-004
   4.2900000000000000       -1.7237684271320371E-004
   4.2999999999999998       -1.5274315025519920E-004
   4.3100000000000005       -1.3195302387511982E-004
   4.3200000000000003       -1.1020300444171589E-004
   4.3300000000000001       -8.7695064679843438E-005
   4.3399999999999999       -6.4634753297454083E-005
   4.3500000000000005       -4.1229345861283346E-005
   4.3600000000000003       -1.7686018303379557E-005
   4.3700000000000001        5.7899416592841930E-006
   4.3799999999999999        2.8996870626946569E-005
   4.3899999999999997        5.1738399400310620E-005
   4.4000000000000004        7.3825043819704273E-005
   4.4100000000000001        9.5075704738734526E-005
   4.4199999999999999        1.1531906638641509E-004
   4.4299999999999997        1.3439488350952501E-004
   4.4400000000000004        1.5215514887250125E-004
   4.4500000000000002        1.6846513392259008E-004
   4.4600000000000000        1.8320429667749124E-004
   4.4699999999999998        1.9626705216427976E-004
   4.4800000000000004        2.0756340201256426E-004
   4.4900000000000002        2.1701942107042664E-004
   4.5000000000000000        2.2457760016332976E-004
   4.5099999999999998        2.3019704534100742E-004
   4.5200000000000005        2.3385353514368385E-004
   4.5300000000000002        2.3553943856137620E-004
   4.5400000000000000        2.3526349745119773E-004
   4.5499999999999998        2.3305047820447103E-004
   4.5600000000000005        2.2894069841687356E-004
   4.5700000000000003        2.2298943520551362E-004
   4.5800000000000001        2.1526622261999859E-004
   4.5899999999999999        2.0585404632902162E-004
   4.6000000000000005        1.9484844439699808E-004
   4.6100000000000003        1.8235652351969128E-004
   4.6200000000000001        1.6849590054659929E-004
   4.6299999999999999        1.5339357948626232E-004
   4.6399999999999997        1.3718477446349970E-004
   4.6500000000000004        1.2001168928303633E-004
   4.6600000000000001        1.0202226434512520E-004
   4.6699999999999999        8.3368901661784697E-005
   4.6799999999999997        6.4207178639565614E-005
   4.6900000000000004        4.4694561127204871E-005
   4.7000000000000002        2.4989125982009703E-005
   4.7100000000000000        5.2483030857848847E-006
   4.7199999999999998       -1.4372353650387658E-005
   4.7300000000000004       -3.3720357210124784E-005
   4.7400000000000002       -5.2647431760984827E-005
   4.7500000000000000       -7.1010602315620217E-005
   4.7599999999999998       -8.8673222393253698E-005
   4.7700000000000005       -1.0550593296905664E-004
   4.7800000000000002       -1.2138754669775060E-004
   4.7900000000000000       -1.3620585212545904E-004
   4.7999999999999998       -1.4985833334783241E-004
   4.8100000000000005       -1.6225280134220840E-004
   4.8200000000000003       -1.7330793397195898E-004
   4.8300000000000001       -1.8295372244122956E-004
   4.8399999999999999       -1.9113182275119466E-004
   4.8500000000000005       -1.9779581147526791E-004
   4.8600000000000003       -2.0291134592298661E-004
   4.8700000000000001       -2.0645622949160794E-004
   4.8799999999999999       -2.0842038371527414E-004
   4.8899999999999997       -2.0880572919155258E-004
   4.9000000000000004       -2.0762597821697435E-004
   4.9100000000000001       -2.0490634255945940E-004
   4.9199999999999999       -2.0068316036529212E-004
   4.9299999999999997       -1.9500344671273512E-004
   4.9400000000000004       -1.8792437279812515E-004
   4.9500000000000002       -1.7951267915935272E-004
   4.9600000000000000       -1.6984402871499628E-004
   4.9699999999999998       -1.5900230570903675E-004
   4.9800000000000004       -1.4707886692149900E-004
   4.9900000000000002       -1.3417175170554556E-004
   5.0000000000000000       -1.2038485757500010E-004
   5.0099999999999998       -1.0582708815799069E-004
   5.0200000000000005       -9.0611480387030709E-005
   5.0300000000000002       -7.4854317783963463E-005
   5.0400000000000000       -5.8674236647616821E-005
   5.0499999999999998       -4.2191331841387183E-005
   5.0600000000000005       -2.5526268732647638E-005
   5.0700000000000003       -8.7994076316005458E-006
   5.0800000000000001        7.8700531535471401E-006
   5.0899999999999999        2.4364909811436339E-005
   5.1000000000000005        4.0570755548066704E-005
   5.1100000000000003        5.6376747955975168E-005
   5.1200000000000001        7.1676336429977406E-005
   5.1299999999999999        8.6367945226404304E-005
   5.1399999999999997        1.0035560818696742E-004
   5.1500000000000004        1.1354955158879266E-004
   5.1600000000000001        1.2586672203575538E-004
   5.1699999999999999        1.3723125677556991E-004
   5.1799999999999997        1.4757489429884091E-004
   5.1900000000000004        1.5683732355434334E-004
   5.2000000000000002        1.6496647059051491E-004
   5.2100000000000000        1.7191872191101704E-004
   5.2199999999999998        1.7765908429527086E-004
   5.2300000000000004        1.8216128129501250E-004
   5.2400000000000002        1.8540778706248534E-004
   5.2500000000000000        1.8738979859393815E-004
   5.2599999999999998        1.8810714788271415E-004
   5.2700000000000005        1.8756815586851942E-004
   5.2800000000000002        1.8578943043215835E-004
   5.2900000000000000        1.8279561103074776E-004
   5.2999999999999998        1.7861906288159596E-004
   5.3100000000000005        1.7329952389047052E-004
   5.3200000000000003        1.6688370777585146E-004
   5.3300000000000001        1.5942486707034561E-004
   5.3399999999999999        1.5098231987275987E-004
   5.3500000000000005        1.4162094438891705E-004
   5.3600000000000003        1.3141064543128382E-004
   5.3700000000000001        1.2042579714445712E-004
   5.3799999999999999        1.0874466629155878E-004
   5.3899999999999997        9.6448820472078064E-005
   5.4000000000000004        8.3622525642928090E-005
   5.4100000000000001        7.0352137291180479E-005
   5.4199999999999999        5.6725489547354914E-005
   5.4299999999999997        4.2831286447553533E-005
   5.4400000000000004        2.8758499438692729E-005
   5.4500000000000002        1.4595775084642601E-005
   5.4600000000000000        4.3085677325189254E-007
   5.4699999999999998       -1.3649975962752516E-005
   5.4800000000000004       -2.7562447096397941E-005
   5.4900000000000002       -4.1224799539157710E-005
   5.5000000000000000       -5.4558283401155620E-005
   5.5099999999999998       -6.7487614377982475E-005
   5.5200000000000005       -7.9941399826876386E-005
   5.5300000000000002       -9.1852530368940187E-005
   5.5400000000000000       -1.0315853513749213E-004
   5.5499999999999998       -1.1380189907963178E-004
   5.5600000000000005       -1.2373034101094706E-004
   5.5700000000000003       -1.3289705141639223E-004
   5.5800000000000001       -1.4126088928330605E-004
   5.5899999999999999       -1.4878653754574734E-004
   5.6000000000000005       -1.5544461700103126E-004
   5.6100000000000003       -1.6121175884690239E-004
   5.6200000000000001       -1.6607063625393765E-004
   5.6299999999999999       -1.7000995565587620E-004
   5.6399999999999997       -1.7302440869111887E-004
   5.6500000000000004       -1.7511458596946051E-004
   5.6600000000000001       -1.7628685406355192E-004
   5.6699999999999999       -1.7655319733764108E-004
   5.6799999999999997       -1.7593102642251505E-004
   5.6900000000000004       -1.7444295532186864E-004
   5.7000000000000002       -1.7211654930097731E-004
   5.7100000000000000       -1.6898404584854426E-004
   5.7199999999999998       -1.6508205112948556E-004
   5.7300000000000004       -1.6045121445341785E-004
   5.7400000000000002       -1.5513588336617389E-004
   5.7500000000000000       -1.4918374204473200E-004
   5.7599999999999998       -1.4264543571985644E-004
   5.7700000000000005       -1.3557418388281201E-004
   5.7800000000000002       -1.2802538504013474E-004
   5.7900000000000000       -1.2005621577652004E-004
   5.7999999999999998       -1.1172522685600817E-004
   5.8100000000000005       -1.0309193905110840E-004
   5.8200000000000003       -9.4216441330062224E-005
   5.8300000000000001       -8.5158993955645993E-005
   5.8399999999999999       -7.5979638960496626E-005
   5.8500000000000005       -6.6737820359005982E-005
   5.8600000000000003       -5.7492016340057675E-005
   5.8700000000000001       -4.8299385554961838E-005
   5.8799999999999999       -3.9215429477399746E-005
   5.8899999999999997       -3.0293672662103863E-005
   5.9000000000000004       -2.1585362573021795E-005
   5.9100000000000001       -1.3139190487716647E-005
   5.9199999999999999       -5.0010348132157546E-006
   5.9299999999999997        2.7862720217456236E-006
   5.9400000000000004        1.0183152116897355E-005
   5.9500000000000002        1.7153465285759635E-005
   5.9600000000000000        2.3664666253869568E-005
   5.9699999999999998        2.9687935426184370E-005
   5.9800000000000004        3.5198282960120793E-005
   5.9900000000000002        4.0174626055942085E-005
   6.0000000000000000        4.4599839551283065E-005
