   0.0000000000000000        0.0000000000000000        0.0000000000000000        0.0000000000000000        0.0000000000000000     
  0.10000000000000001        1.9212850770752931E-034   1.2049216335648209E-033   5.4121342477614173E-033   2.0097162336580632E-032
  0.20000000000000001        3.2988519266387877E-028   2.0489610367254422E-027   9.1147438828083260E-027   3.3520368210018230E-026
  0.30000000000000004        1.3471636809362791E-024   8.2861767092307074E-024   3.6502531026941799E-023   1.3293531274222946E-022
  0.40000000000000002        4.6374040640249280E-022   2.8244244680829735E-021   1.2320060784482225E-020   4.4425997842423661E-020
  0.50000000000000000        4.1164828942113673E-020   2.4823325847300664E-019   1.0720426683060343E-018   3.8273322067222030E-018
  0.60000000000000009        1.5505064802566071E-018   9.2564068140463647E-018   3.9574722831601714E-017   1.3986639226228273E-016
  0.70000000000000007        3.2321928971128921E-017   1.9101039396326820E-016   8.0836759620633931E-016   2.8279144160664818E-015
  0.80000000000000004        4.3698774905324867E-016   2.5560812173524736E-015   1.0706685155913356E-014   3.7070079521948491E-014
  0.90000000000000002        4.2443709823424323E-015   2.4570739234039874E-014   1.0185398650338172E-013   3.4898407321710541E-013
   1.0000000000000000        3.1758628719727044E-014   1.8193615009738671E-013   7.4629070870888742E-013   2.5301212950904202E-012
   1.1000000000000001        1.9241956745446957E-013   1.0907136311178534E-012   4.4266747990020277E-012   1.4847793430069413E-011
   1.2000000000000002        9.7937748632147278E-013   5.4924576631495824E-012   2.2052550802439087E-011   7.3170823232358505E-011
   1.3000000000000000        4.3062124417882690E-012   2.3890043021843788E-011   9.4881251029600973E-011   3.1138425070584234E-010
   1.4000000000000001        1.6715328107087958E-011   9.1725471157803655E-011   3.6030441252704555E-010   1.1694016595028751E-009
   1.5000000000000000        5.8275190296349546E-011   3.1627135767199311E-010   1.2285676711061268E-009   3.9428496105202644E-009
   1.6000000000000001        1.8502397185789408E-010   9.9300551230505657E-010   3.8141035290494385E-009   1.2102024408019800E-008
   1.7000000000000002        5.4109910599020599E-010   2.8713963343460175E-009   1.0903754987237898E-008   3.4200438858299044E-008
   1.8000000000000000        1.4713404618570037E-009   7.7190896331594075E-009   2.8975446537382755E-008   8.9827547745417118E-008
   1.9000000000000001        3.7493613198550929E-009   1.9444169533146723E-008   7.2139303865276458E-008   2.2100748142552771E-007
   2.0000000000000000        9.0136914438194328E-009   4.6201413856196369E-008   1.6939165933678466E-007   5.1275799076653767E-007
   2.1000000000000001        2.0559808790452429E-008   1.0414346195687340E-007   3.7727406255958126E-007   1.1282111010003797E-006
   2.2000000000000002        4.4712739848153980E-008   2.2379121196878612E-007   8.0091846735714445E-007   2.3657023427812751E-006
   2.3000000000000003        9.3106638127520981E-008   4.6039240547548348E-007   1.6275113934859121E-006   4.7474150737491435E-006
   2.4000000000000004        1.8632591761853870E-007   9.1010592280378976E-007   3.1773621930397854E-006   9.1512786776621362E-006
   2.5000000000000000        3.5951621142400145E-007   1.7343714608632673E-006   5.9789100758073798E-006   1.6999528212346486E-005
   2.6000000000000001        6.7074849579246268E-007   3.1953648372703858E-006   1.0875006839008723E-005   3.0518228408160761E-005
   2.7000000000000002        1.2131082352672124E-006   5.7059479640868918E-006   1.9168489077499067E-005   5.3081701217143509E-005
   2.8000000000000003        2.1316714343811451E-006   9.8979360538253429E-006   3.2815206705849591E-005   8.9653745345132405E-005
   2.9000000000000004        3.6467052875678953E-006   1.6712749820908229E-005   5.4672105035097659E-005   1.4733345042227417E-004
   3.0000000000000000        6.0845738078967145E-006   2.7518520450023721E-005   8.8806489603549207E-005   2.3600708405838909E-004
   3.1000000000000001        9.9179174371151507E-006   4.4257396403762381E-005   1.4087010888924435E-004   3.6909896478282237E-004
   3.2000000000000002        1.5816688678750582E-005   6.9626101626350483E-005   2.1853811437951432E-004   5.6440366832957289E-004
   3.3000000000000003        2.4711542942794020E-005   1.0729167176553078E-004   3.3200833606610513E-004   8.4496985057482194E-004
   3.4000000000000004        3.7870887846810186E-005   1.6214273287364504E-004   4.9455078369787175E-004   1.2399931612092103E-003
   3.5000000000000000        5.6992572969949670E-005   2.4057470229962161E-004   7.2309109614107051E-004   1.7856631349457005E-003
   3.6000000000000001        8.4310749935571065E-005   3.5080493654098406E-004   1.0388051585180226E-003   2.5258976966571101E-003
   3.7000000000000002        1.2271785207569619E-004   5.0321121432932029E-004   1.4676957169692574E-003   3.5128901786766840E-003
   3.8000000000000003        1.7590094490304027E-004   7.1068414749687805E-004   2.0411160268096126E-003   4.8073886568784597E-003
   3.9000000000000004        2.4849090319786624E-004   9.8898130766861638E-004   2.7962008759576250E-003   6.4786269543808317E-003
   4.0000000000000000        3.4622200619093414E-004   1.3570682139175116E-003   3.7761622195996753E-003   8.6038315780328847E-003
   4.1000000000000005        4.7609864496630123E-004   1.8374290252216418E-003   5.0304055759478362E-003   1.1267239552066408E-002
   4.2000000000000002        6.4656494744108985E-004   2.4563279999136570E-003   6.6144246054961903E-003   1.4558578612454640E-002
   4.2999999999999998        8.6767229136250877E-004   3.2440016863475806E-003   8.5894351415537057E-003   1.8570983119545019E-002
   4.4000000000000004        1.1512389411552815E-003   4.2347615331517199E-003   1.1021716424007557E-002   2.3398345511217087E-002
   4.5000000000000000        1.5109954552186217E-003   5.4669872562462789E-003   1.3981636315563166E-002   2.9132132947247792E-002
   4.6000000000000005        1.9627091074857122E-003   6.9829929317538637E-003   1.7542348590487197E-002   3.5857730465231247E-002
   4.7000000000000002        2.5242803853909902E-003   8.8287504078499481E-003   2.1778163565724394E-002   4.3650403733735313E-002
   4.8000000000000007        3.2158046920158570E-003   1.1053458201116674E-002   2.6762607843789147E-002   5.2571004491354552E-002
   4.9000000000000004        4.0595927091392021E-003   1.3708948469111243E-002   3.2566204100799155E-002   6.2661568150600894E-002
   5.0000000000000000        5.0801434750079250E-003   1.6848929787773508E-002   3.9254016956501533E-002   7.3940974101149470E-002
   5.1000000000000005        6.3040650889314865E-003   2.0528069125710289E-002   4.6883025252311264E-002   8.6400853486529858E-002
   5.2000000000000002        7.7599390557379086E-003   2.4800922380492602E-002   5.5499393798040579E-002  0.10000193550766522     
   5.3000000000000007        9.4781255972360215E-003   2.9720728886155331E-002   6.5135728143143390E-002  0.11467102089253123     
   5.4000000000000004        1.1490508745965569E-002   3.5338091167162029E-002   7.5808403592065282E-002  0.13029875978878849     
   5.5000000000000000        1.3830181651570151E-002   4.1699566655196314E-002   8.7515064049146621E-002  0.14673839118738027     
   5.6000000000000005        1.6531074219059250E-002   4.8846202868012903E-002  0.10023238702982054       0.16380557273731094     
   5.7000000000000002        1.9627526904366373E-002   5.6812051465648661E-002  0.11391420816075419       0.18127939456009548     
   5.8000000000000007        2.3153816158052284E-002   6.5622699474054497E-002  0.12849009173363851       0.19890462987673391     
   5.9000000000000004        2.7143638575987356E-002   7.5293857666764955E-002  0.14386442356679610       0.21639523066425900     
   6.0000000000000000        3.1629562233038769E-002   8.5830046535606122E-002  0.15991608891527270       0.23343903009555664     
   6.1000000000000005        3.6642454894301457E-002   9.7223419425535793E-002  0.17649878194252891       0.24970356720467304     
   6.2000000000000002        4.2210899777569498E-002  0.10945276027084092       0.19344197492826903       0.26484290506341324     
   6.3000000000000007        4.8360610248432474E-002  0.12248269001309081       0.21055255562449279       0.27850527364234118     
   6.4000000000000004        5.5113855243032139E-002  0.13626311131336491       0.22761712072421314       0.29034133414620650     
   6.5000000000000000        6.2488907320641392E-002  0.15072891573953473       0.24440489303090066       0.30001283436919385     
   6.6000000000000005        7.0499525046554712E-002  0.16579997139326735       0.26067121035287599       0.30720140558422099     
   6.7000000000000002        7.9154480902961705E-002  0.18138140214469237       0.27616151609095779       0.31161724136599417     
   6.8000000000000007        8.8457145138481616E-002  0.19736416248478339       0.29061576556209706       0.31300739786318083     
   6.9000000000000004        9.8405134921154713E-002  0.21362590471272186       0.30377314883332684       0.31116346330590910     
   7.0000000000000000       0.10899003688741113       0.23003212797252368       0.31537702064345996       0.30592836151704078     
   7.1000000000000005       0.12019720971905958       0.24643759175484578       0.32517992115465111       0.29720207911143975     
   7.2000000000000002       0.13200567177417563       0.26268797008424932       0.33294856796284195       0.28494613785338224     
   7.3000000000000007       0.14438807709109236       0.27862171689429138       0.33846870003618118       0.26918667100693283     
   7.4000000000000004       0.15731078132381193       0.29407210819983065       0.34154965795044262       0.25001600400238994     
   7.5000000000000000       0.17073399739808234       0.30886942272379314       0.34202859174268513       0.22759268380202019     
   7.6000000000000005       0.18461203894429934       0.32284321970656121       0.33977419760045707       0.20213994639824917     
   7.7000000000000002       0.19889364790766012       0.33582467076824341       0.33468989705149776       0.17394265636873943     
   7.8000000000000007       0.21352240119482074       0.34764890192130454       0.32671638686026694       0.14334279488752674     
   7.9000000000000004       0.22843718982220923       0.35815730212527258       0.31583350396957716       0.11073361173266977     
   8.0000000000000000       0.24357276281101978       0.36719975608835637       0.30206136701908937        7.6552591502691683E-002
   8.0999999999999996       0.25886032704890399       0.37463676127850248       0.28546077369266881        4.1273413532388892E-002
   8.2000000000000011       0.27422819352344058       0.38034139221176499       0.26613285087059380        5.3971081904802100E-003
   8.3000000000000007       0.28960245973652732       0.38420107892402700       0.24421797179606872       -3.0557371104542874E-002
   8.4000000000000004       0.30490771773491088       0.38611917097483878       0.21989397075656383       -6.6062930909257495E-002
   8.5000000000000000       0.32006777703753725       0.38601626324241478       0.19337370073142884      -0.10059424340372373     
   8.5999999999999996       0.33500639179762398       0.38383126500557740       0.16490199273300157      -0.13363754556444205     
   8.7000000000000011       0.34964798179409184       0.37952219923069669       0.13475208690278401      -0.16470011214923019     
   8.8000000000000007       0.36391833728711842       0.37306672445260658       0.10322161462266376      -0.19331919764769959     
   8.9000000000000004       0.37774529837687082       0.36446237702892414        7.0628217841514879E-002 -0.21907026197761811     
   9.0000000000000000       0.39105940025118457       0.35372653673852544        3.7304896448220839E-002 -0.24157431827703324     
   9.0999999999999996       0.40379447657363010       0.34089612358141058        3.5951768581064950E-003 -0.26050426777353952     
   9.2000000000000011       0.41588821422363692       0.32602703812799549       -3.0151804903089267E-002 -0.27559011549365053     
   9.3000000000000007       0.42728265363031687       0.30919336178599588       -6.3586214305540817E-002 -0.28662299059545249     
   9.4000000000000004       0.43792463001688242       0.29048633684424169       -9.6362336185355404E-002 -0.29345792548388383     
   9.5000000000000000       0.44776615196938385       0.27001314907340029      -0.12814321753810540      -0.29601537777077813     
   9.6000000000000014       0.45676471483963682       0.24789553798855937      -0.15860506044235326      -0.29428150781627682     
   9.7000000000000011       0.46488354756696471       0.22426826159839369      -0.18744129856660913      -0.28830725136983731     
   9.8000000000000007       0.47209179253828071       0.19927744358528088      -0.21436629989026038      -0.27820625115614023     
   9.9000000000000004       0.47836461908467282       0.17307883139837921      -0.23911864810367919      -0.26415173267208253     
   10.000000000000000       0.48368327212129164       0.14583599372706296      -0.26146396537775513      -0.24637242763800565     
   10.100000000000001       0.48803505826453408       0.11771848529474106      -0.28119724955286429      -0.22514766325484062     
   10.200000000000001       0.49141327249761507        8.8900005920468608E-002 -0.29814470905368778      -0.20080174654426680     
   10.300000000000001       0.49381706909620088        5.9556579391458163E-002 -0.31216508877294286      -0.17369778057939608     
   10.400000000000000       0.49525128106604827        2.9864775931616724E-002 -0.32315048959311654      -0.14423105343115747     
   10.500000000000000       0.49572619278291213        0.0000000000000000      -0.33102669296764736      -0.11282214132562438     
   10.600000000000001       0.49525727086172844       -2.9865137129887101E-002 -0.33575300992784773       -7.9909865066103522E-002
   10.700000000000001       0.49386485851966450       -5.9562343012788739E-002 -0.33732168091534936       -4.5944233514863285E-002
   10.800000000000001       0.49157383883991373       -8.8929053464725363E-002 -0.33575685888751733       -1.1379500191436746E-002
   10.900000000000000       0.48841327239551802      -0.11780971397567862      -0.33111321315924402        2.3332550802446818E-002
   11.000000000000000       0.48441601466149409      -0.14605692391558872      -0.32347419540969080        5.7748984888398969E-002
   11.100000000000001       0.47961831853656128      -0.17353243692730208      -0.31295001220248675        9.1441671396118543E-002
   11.200000000000001       0.47405942712091725      -0.20010801339338921      -0.29967535027028891       0.12400273430044843     
   11.300000000000001       0.46778116166229461      -0.22566612323351484      -0.28380690174638634       0.15504943576245542     
   11.400000000000000       0.46082750929778421      -0.25010049950423430      -0.26552073655043545       0.18422844350213821     
   11.500000000000000       0.45324421489242445      -0.27331654530861543      -0.24500956832880305       0.21121944747491381     
   11.600000000000001       0.44507838091604435      -0.29523159835947965      -0.22247995879891933       0.23573810534188183     
   11.700000000000001       0.43637807891575281      -0.31577505916356047      -0.19814950314520557       0.25753830955706142     
   11.800000000000001       0.42719197574077922      -0.33488839019592781      -0.17224403635956284       0.27641378132493588     
   11.900000000000000       0.41756897726667264      -0.35252499461098108      -0.14499489721197895       0.29219900803113968     
   12.000000000000000       0.40755789195399694      -0.36864998398898557      -0.11663628297568066       0.30476955088117202     
   12.100000000000001       0.39720711616899523      -0.38323984535030337       -8.7402724213105951E-002  0.31404175829953002     
   12.200000000000001       0.38656434279571361      -0.39628201819132769       -5.7526704945890975E-002  0.31997192808532110     
   12.300000000000001       0.37567629428572924      -0.40777439261789472       -2.7236449470355931E-002  0.32255496736623063     
   12.400000000000000       0.36458848092698809      -0.41772473978706992        3.2461069811634095E-003  0.32182260404857377     
   12.500000000000000       0.35334498477075915      -0.42615008583216396        3.3707150522157600E-002  0.31784120676347838     
   12.600000000000001       0.34198826933809390      -0.43307604025539470        6.3942614480817825E-002  0.31070927231897133     
   12.700000000000001       0.33055901493644702      -0.43853608944547257        9.3759593166357486E-002  0.30055464046638863     
   12.800000000000001       0.31909597915474391      -0.44257086553180253       0.12297754127667550       0.28753149547521939     
   12.900000000000000       0.30763588187193819      -0.44522740024115587       0.15142925985574190       0.27181721269387515     
   13.000000000000000       0.29621331391038763      -0.44655837279478072       0.17896167257741283       0.25360910607456078     
   13.100000000000001       0.28486066829089896      -0.44662136019128829       0.20543639868543209       0.23312112968318127     
   13.200000000000001       0.27360809290062288      -0.44547809748025224       0.23073013114588786       0.21058058262711327     
   13.300000000000001       0.26248346326698291      -0.44319375485871393       0.25473483046395073       0.18622486274064420     
   13.400000000000000       0.25151237403941840      -0.43983623763250856       0.27735774618336312       0.16029830989285823     
   13.500000000000000       0.24071814771427327      -0.43547551428959547       0.29852127933241485       0.13304917504278185     
   13.600000000000001       0.23012185909504904      -0.43018297714539411       0.31816270001635538       0.10472674627170299     
   13.700000000000001       0.21974237395857082      -0.42403083925093410       0.33623373499971415        7.5578658073862839E-002
   13.800000000000001       0.20959640039545033      -0.41709157051248413       0.35270004049242482        4.5848405275593265E-002
   13.900000000000000       0.19969855130857364      -0.40943737526390100       0.36754057547306879        1.5773078160378432E-002
   14.000000000000000       0.19006141658413578      -0.40113971286646061       0.38074689077491214       -1.4418669226807108E-002
   14.100000000000001       0.18069564349399059      -0.39226886229036489       0.39232234885076966       -4.4508409979150433E-002
   14.200000000000001       0.17161002394381047      -0.38289353106117180       0.40228128864680962       -7.4289490875979899E-002
   14.300000000000001       0.16281158724680966      -0.37308050843555346       0.41064814937889155      -0.10356833475145985     
   14.400000000000000       0.15430569717582182      -0.36289436220563182       0.41745656624332339      -0.13216550222393977     
   14.500000000000000       0.14609615212551494      -0.35239717812001203       0.42274845023142216      -0.15991651931501841     
   14.600000000000001       0.13818528730000201      -0.34164834055244309       0.42657306327757039      -0.18667248008868129     
   14.700000000000001       0.13057407792744374      -0.33070435274440413       0.42898609897529860      -0.21230043565280943     
   14.800000000000001       0.12326224259122186      -0.31961869469440812       0.43004877806595038      -0.23668358269338924     
   14.900000000000000       0.11624834585558166      -0.30844171656194447       0.42982696685805694      -0.25972126616717095     
   15.000000000000000       0.10952989945128774      -0.29722056529522517       0.42839032568960778      -0.28132881187792713     
   15.100000000000001       0.10310346137283029      -0.28599914207612093       0.42581149351461456      -0.30143720542539126     
   15.200000000000001        9.6964732322270444E-002 -0.27481808809964059       0.42216531369267973      -0.31999263446843024     
   15.300000000000001        9.1108649015235160E-002 -0.26371479616557214       0.41752810509665944      -0.33695591141145631     
   15.400000000000000        8.5529473941296952E-002 -0.25272344555287851       0.41197698173797442      -0.35230179353357910     
   15.500000000000000        8.0220881243565745E-002 -0.24187505766960604       0.40558922324911045      -0.36601821726281492     
   15.600000000000001        7.5176038450414123E-002 -0.23119757001878305       0.39844169776382798      -0.37810546278214696     
   15.700000000000001        7.0387683855629504E-002 -0.22071592609066409       0.39061033800179329      -0.38857526446984714     
   15.800000000000001        6.5848199401758720E-002 -0.21045217888027906       0.38216967069825292      -0.39744988185177255     
   15.900000000000000        6.1549678974913889E-002 -0.20042560583340474       0.37319239892238898      -0.40476114480593683     
   16.000000000000000        5.7483992067821052E-002 -0.19065283314072845       0.36374903630024669      -0.41054948573566874     
   16.100000000000001        5.3642842811479678E-002 -0.18114796742630404       0.35390759169877389      -0.41486297034154723     
   16.199999999999999        5.0017824414553221E-002 -0.17192273300978531       0.34373330253482709      -0.41775633749660879     
   16.300000000000001        4.6600469083678618E-002 -0.16298661305994355       0.33328841454445668      -0.41929005758454663     
   16.400000000000002        4.3382293527466559E-002 -0.15434699309753716       0.32263200558040767      -0.41952941751522416     
   16.500000000000000        4.0354840172246498E-002 -0.14600930544665749       0.31181985079580893      -0.41854363950190776     
   16.600000000000001        3.7509714238876890E-002 -0.13797717337367579       0.30090432641577375      -0.41640503958444619     
   16.699999999999999        3.4838616847398238E-002 -0.13025255379021825       0.28993434919161043      -0.41318823082386208     
   16.800000000000001        3.2333374330262322E-002 -0.12283587753007461       0.27895534857043180      -0.40896937508668890     
   16.900000000000002        2.9985963945578537E-002 -0.11572618633845413       0.26800926859149926      -0.40382548638953425     
   17.000000000000000        2.7788536189559423E-002 -0.10892126583470477       0.25713459653528220      -0.39783378789210705     
   17.100000000000001        2.5733433912405370E-002 -0.10241777382582720       0.24636641539752721      -0.39107112381462339     
   17.199999999999999        2.3813208444507260E-002  -9.6211363457306784E-002  0.23573647733431827      -0.38361342681600435     
   17.300000000000001        2.2020632940330322E-002  -9.0296800789576484E-002  0.22527329532102688      -0.37553524070403799     
   17.400000000000002        2.0348713145940455E-002  -8.4668076482624172E-002  0.21500225038436582      -0.36690929775800202     
   17.500000000000000        1.8790695793066848E-002  -7.9318511357670346E-002  0.20494571189862046      -0.35780614942709521     
   17.600000000000001        1.7340074818118546E-002  -7.4240855683557205E-002  0.19512316858128834      -0.34829384872280328     
   17.699999999999999        1.5990595598886485E-002  -6.9427382106521260E-002  0.18555136797650218      -0.33843768224726845     
   17.800000000000001        1.4736257394974504E-002  -6.4869972205560511E-002  0.17624446237389813      -0.32829994948963576     
   17.900000000000002        1.3571314170507465E-002  -6.0560196711907051E-002  0.16721415927346550      -0.31793978677451185     
   18.000000000000000        1.2490273969521315E-002  -5.6489389480425187E-002  0.15846987467095969      -0.30741303305681639     
   18.100000000000001        1.1487897005817385E-002  -5.2648715343441947E-002  0.15001888760170587      -0.29677213462107099     
   18.199999999999999        1.0559192620097286E-002  -4.9029232013933409E-002  0.14186649454125982      -0.28606608565590885     
   18.300000000000001        9.6994152480123046E-003  -4.5621946235521543E-002  0.13401616241788236      -0.27534040163154166     
   18.400000000000002        8.9040595334804393E-003  -4.2417864401814234E-002  0.12646967914289775      -0.26463712240442938     
   18.500000000000000        8.1688547123379938E-003  -3.9408037887638865E-002  0.11922730070964775      -0.25399484200474881     
   18.600000000000001        7.4897583821925198E-003  -3.6583603350114569E-002  0.11228789404910443      -0.24344876212389252     
   18.699999999999999        6.8629497653031422E-003  -3.3935818268701637E-002  0.10564907495965294      -0.23303076640685508     
   18.800000000000001        6.2848225624930441E-003  -3.1456092000749065E-002   9.9307340549568954E-002 -0.22276951276365842     
   18.900000000000002        5.7519774875560373E-003  -2.9136012633068000E-002   9.3258195743089231E-002 -0.21269054104119292     
   19.000000000000000        5.2612145633901082E-003  -2.6967369911037670E-002   8.7496273504448718E-002 -0.20281639353814937     
   19.100000000000001        4.8095252532164880E-003  -2.4942174525101814E-002   8.2015448528883109E-002 -0.19316674599785380     
   19.200000000000003        4.3940844927451888E-003  -2.3052674030568709E-002   7.6808944235402590E-002 -0.18375854687361645     
   19.300000000000001        4.0122426820468739E-003  -2.1291365670717922E-002   7.1869432973308917E-002 -0.17460616282587485     
   19.400000000000002        3.6615176892002936E-003  -1.9651006365655629E-002   6.7189129423220043E-002 -0.16572152857747374     
   19.500000000000000        3.3395869115096276E-003  -1.8124620120424234E-002   6.2759877234084299E-002 -0.15711429942064073     
   19.600000000000001        3.0442794342289163E-003  -1.6705503095823252E-002   5.8573228990674971E-002 -0.14879200483463345     
   19.700000000000003        2.7735683212904193E-003  -1.5387226574482396E-002   5.4620519651786451E-002 -0.14076020183503635     
   19.800000000000001        2.5255630675016282E-003  -1.4163638043149442E-002   5.0892933638210763E-002 -0.13302262683279259     
   19.900000000000002        2.2985022370449063E-003  -1.3028860600120458E-002   4.7381565782050175E-002 -0.12558134493215964     
   20.000000000000000        2.0907463088710300E-003  -1.1977290884415310E-002   4.4077476375470798E-002 -0.11843689574090029     
