   0.0000000000000000        0.0000000000000000        0.0000000000000000        0.0000000000000000        0.0000000000000000     
  0.10000000000000001        5.7807663134139162E-033  -8.1459237150180093E-033   1.1485766801663825E-032   1.7284906851171844E-032
  0.20000000000000001        9.6067507228525153E-027  -1.3555235879353613E-026   1.9151364083733537E-026   2.8929141108424981E-026
  0.30000000000000004        3.7957065275735101E-023  -5.3629821323174280E-023   7.5925335262500339E-023   1.1513077913410899E-022
  0.40000000000000002        1.2636894897713358E-020  -1.7879070090871776E-020   2.5364606732342770E-020   3.8613876323673399E-020
  0.50000000000000000        1.0844650025710784E-018  -1.5364510284839401E-018   2.1843399264858051E-018   3.3387913759670815E-018
  0.60000000000000009        3.9474175853737847E-017  -5.6004485704222531E-017   7.9791830983342077E-017   1.2246901281067206E-016
  0.70000000000000007        7.9489392602421328E-016  -1.1293629886010267E-015   1.6125733443601286E-015   2.4856083826287445E-015
  0.80000000000000004        1.0376987070497093E-014  -1.4764491292413803E-014   2.1128627894139781E-014   3.2709850143759887E-014
  0.90000000000000002        9.7278864160057283E-014  -1.3861074373168901E-013   1.9880785654027169E-013   3.0916149730394871E-013
   1.0000000000000000        7.0222814364589628E-013  -1.0020659781103838E-012   1.4405693432042737E-012   2.2505221012988230E-012
   1.1000000000000001        4.1027987517823972E-012  -5.8633608487843251E-012   8.4489636298428687E-012   1.3261867115469851E-011
   1.2000000000000002        2.0127669878467075E-011  -2.8808259141507356E-011   4.1611270736194922E-011   6.5632889270977277E-011
   1.3000000000000000        8.5259677521983678E-011  -1.2221745569031154E-010   1.7696319396683946E-010   2.8051912216478759E-010
   1.4000000000000001        3.1867994711890497E-010  -4.5752982443821684E-010   6.6411592508811864E-010   1.0581681306514906E-009
   1.5000000000000000        1.0692910375603183E-009  -1.5376055979492814E-009   2.2375032621720351E-009   3.5840228965969354E-009
   1.6000000000000001        3.2657821538316868E-009  -4.7035955589245968E-009   6.8621916668316105E-009   1.1051831538579928E-008
   1.7000000000000002        9.1822923313606120E-009  -1.3246378071437794E-008   1.9376017521930125E-008   3.1381331761134487E-008
   1.8000000000000000        2.3991857876136124E-008  -3.4667527666658831E-008   5.0844683298232073E-008   8.2825160780213298E-008
   1.9000000000000001        5.8713587310696333E-008  -8.4980720226748750E-008   1.2497399238409290E-007   2.0479731704786243E-007
   2.0000000000000000        1.3547570132447274E-007  -1.9641560748073837E-007   2.8964998040658072E-007   4.7758179018397799E-007
   2.1000000000000001        2.9641090484827257E-007  -4.3047873744008624E-007   6.3660442440388112E-007   1.0563292980826919E-006
   2.2000000000000002        6.1795034988783256E-007  -8.9900964310100511E-007   1.3332922445496753E-006   2.2268989871894487E-006
   2.3000000000000003        1.2327424800230812E-006  -1.7965810607475347E-006   2.6722306309176983E-006   4.4935467146143226E-006
   2.4000000000000004        2.3618243787215117E-006  -3.4482309035972440E-006   5.1441435334550768E-006   8.7110025346424146E-006
   2.5000000000000000        4.3599261504831219E-006  -6.3769483102683409E-006   9.5420826964267881E-006   1.6275818029896360E-005
   2.6000000000000001        7.7767904010468638E-006  -1.1395412903110911E-005   1.7104020869066862E-005   2.9393611911620676E-005
   2.7000000000000002        1.3437034783610994E-005  -1.9726046082625770E-005   2.9700980300305785E-005   5.1439553034309042E-005
   2.8000000000000003        2.2540285384535256E-005  -3.3152333053963244E-005   5.0076330703336209E-005   8.7428631315444451E-005
   2.9000000000000004        3.6782002319351811E-005  -5.4202512664085670E-005   8.2139277252209615E-005   1.4460955713856851E-004
   3.0000000000000000        5.8493592168652679E-005  -8.6364072196840671E-005   1.3131166090818203E-004   2.3319117878817984E-004
   3.1000000000000001        9.0798098991243026E-005  -1.3432407363094708E-004   2.0492203153447025E-004   3.6720295716512002E-004
   3.2000000000000002        1.3777509595883802E-004  -2.0422632063405179E-004   3.1263469391936143E-004   5.6548134076126930E-004
   3.3000000000000003        2.0462553744118861E-004  -3.0393199444317295E-004   4.6689438628280352E-004   8.5276213886904969E-004
   3.4000000000000004        2.9782450777254919E-004  -4.4326597369579617E-004   6.8335989436746282E-004   1.2608457480429765E-003
   3.5000000000000000        4.2524729026324136E-004  -6.3422700862749272E-004   9.8129281764271757E-004   1.8297881338424228E-003
   3.6000000000000001        5.9625226964364424E-004  -8.9113668196167404E-004   1.3838615545390472E-003   2.6090567893402479E-003
   3.7000000000000002        8.2170315689417367E-004  -1.2307000950440056E-003   1.9183160562628485E-003   3.6585785947717592E-003
   3.8000000000000003        1.1139131352926512E-003  -1.6719508639246787E-003   2.6159866761987509E-003   5.0495967444903131E-003
   3.9000000000000004        1.4864949552835642E-003  -2.2360546082629044E-003   3.5120610809938990E-003   6.8652477934302378E-003
   4.0000000000000000        1.9541038516609475E-003  -2.9459488579847400E-003   4.6450971020695698E-003   9.2007683642455484E-003
   4.1000000000000005        2.5320644142427869E-003  -3.8258032319092080E-003   6.0562368002735198E-003   1.2163244870690050E-002
   4.2000000000000002        3.2358780951594612E-003  -4.9002917370202783E-003   7.7880978606415970E-003   1.5870829164615550E-002
   4.2999999999999998        4.0806146529661731E-003  -6.1936788057279125E-003   9.8833324425926985E-003   2.0451358352377214E-002
   4.4000000000000004        5.0801981854857250E-003  -7.7287317818529244E-003   1.2382860245671536E-002   2.6040337812299579E-002
   4.5000000000000000        6.2466060766035456E-003  -9.5254843999801470E-003   1.5323801046808480E-002   3.2778271954272062E-002
   4.6000000000000005        7.5890067079736135E-003  -1.1599887693575429E-002   1.8737151370994919E-002   4.0807356419255827E-002
   4.7000000000000002        9.1128686707882111E-003  -1.3962395975715525E-002   2.2645269193865978E-002   5.0267576850629533E-002
   4.8000000000000007        1.0819079970773840E-002  -1.6616545317067626E-002   2.7059248501910219E-002   6.1292291497691762E-002
   4.9000000000000004        1.2703119910150329E-002  -1.9557589597953725E-002   3.1976281026519268E-002   7.4003406033488497E-002
   5.0000000000000000        1.4754328587003106E-002  -2.2771264126721598E-002   3.7377114480404143E-002   8.8506277370012265E-002
   5.1000000000000005        1.6955319010242047E-002  -2.6232748522025229E-002   4.3223724271511547E-002  0.10488450731032797     
   5.2000000000000002        1.9281574542879865E-002  -2.9905898747253769E-002   4.9457318274879848E-002  0.12319480515514580     
   5.3000000000000007        2.1701269746104469E-002  -3.3742812747325407E-002   5.5996791387526126E-002  0.14346210972115464     
   5.4000000000000004        2.4175345825245054E-002  -3.7683785158273607E-002   6.2737738140244581E-002  0.16567516481212069     
   5.5000000000000000        2.6657863029449475E-002  -4.1657694323502623E-002   6.9552117752294168E-002  0.18978273758064940     
   5.6000000000000005        2.9096641898495229E-002  -4.5582849825470298E-002   7.6288647136253968E-002  0.21569065640669355     
   5.7000000000000002        3.1434193646223345E-002  -4.9368311553565705E-002   8.2773974199155886E-002  0.24325982428296777     
   5.8000000000000007        3.3608927752821982E-002  -5.2915672726692113E-002   8.8814657274166930E-002  0.27230533600311035     
   5.9000000000000004        3.5556612578792127E-002  -5.6121280103145946E-002   9.4199947759317629E-002  0.30259679379708526     
   6.0000000000000000        3.7212053090902225E-002  -5.8878845708784086E-002   9.8705343254980121E-002  0.33385987782484972     
   6.1000000000000005        3.8510939160767435E-002  -6.1082386657087498E-002  0.10209684894995595       0.36577918669782483     
   6.2000000000000002        3.9391808864241373E-002  -6.2629413829699818E-002  0.10413585696445934       0.39800232064000368     
   6.3000000000000007        3.9798064202408390E-002  -6.3424277050200803E-002  0.10458452800083382       0.43014513775193008     
   6.4000000000000004        3.9679972013963491E-002  -6.3381564509546573E-002  0.10321153803529509       0.46179807377842957     
   6.5000000000000000        3.8996580774844053E-002  -6.2429448030732901E-002   9.9798035788025152E-002  0.49253337935831021     
   6.6000000000000005        3.7717484586251487E-002  -6.0512863567435876E-002   9.4143645006773455E-002  0.52191309731556879     
   6.7000000000000002        3.5824368918580346E-002  -5.7596418215784484E-002   8.6072339629843689E-002  0.54949757725905057     
   6.8000000000000007        3.3312278472406934E-002  -5.3666920904530957E-002   7.5438019852544114E-002  0.57485430643239932     
   6.9000000000000004        3.0190555598769708E-002  -4.8735443575608925E-002   6.2129622957467129E-002  0.59756682493553104     
   7.0000000000000000        2.6483407758209343E-002  -4.2838832684184147E-002   4.6075614201742568E-002  0.61724349034762238     
   7.1000000000000005        2.2230074086600562E-002  -3.6040606717821819E-002   2.7247719591360436E-002  0.63352586133804345     
   7.2000000000000002        1.7484573817849611E-002  -2.8431193541589406E-002   5.6637833404591664E-003  0.64609648168757483     
   7.3000000000000007        1.2315032599872378E-002  -2.0127481033218750E-002  -1.8610342606483143E-002  0.65468586463271305     
   7.4000000000000004        6.8025961323573136E-003  -1.1271674954706767E-002  -4.5459942343349713E-002  0.65907850174872817     
   7.5000000000000000        1.0399535657844017E-003  -2.0294785813047000E-003  -7.4721649447002450E-002  0.65911774968887904     
   7.6000000000000005       -4.8704947249031544E-003   7.4123714349192960E-003 -0.10618473682319918       0.65470948086164094     
   7.7000000000000002       -1.0818779449848034E-002   1.6849159813781239E-002 -0.13959346032057279       0.64582441934783363     
   7.8000000000000007       -1.6689759918111190E-002   2.6061768049271780E-002 -0.17465040535945059       0.63249911980577045     
   7.9000000000000004       -2.2365714406932753E-002   3.4820686071607522E-002 -0.21102075979275930       0.61483558358128687     
   8.0000000000000000       -2.7729055631134050E-002   4.2890364106360511E-002 -0.24833741301714715       0.59299954159368951     
   8.0999999999999996       -3.2665100329552443E-002   5.0033800048653806E-002 -0.28620676159202890       0.56721746677526730     
   8.2000000000000011       -3.7064820970241684E-002   5.6017252267549743E-002 -0.32421508576594593       0.53777240900016743     
   8.3000000000000007       -4.0827508730139475E-002   6.0614965620945184E-002 -0.36193534966498986       0.50499877180228159     
   8.4000000000000004       -4.3863280113179262E-002   6.3613799536156923E-002 -0.39893427062632508       0.46927617217419032     
   8.5000000000000000       -4.6095364655722566E-002   6.4817651136503923E-002 -0.43477950027266482       0.43102254195892403     
   8.5999999999999996       -4.7462117899455307E-002   6.4051573321208727E-002 -0.46904676129511386       0.39068664156791533     
   8.7000000000000011       -4.7918711918024090E-002   6.1165497111739291E-002 -0.50132678929244678       0.34874016392623053     
   8.8000000000000007       -4.7438464863952895E-002   5.6037479080373265E-002 -0.53123193804858859       0.30566960876196980     
   8.9000000000000004       -4.6013780938955626E-002   4.8576407852128349E-002 -0.55840231887365710       0.26196810486450661     
   9.0000000000000000       -4.3656682560442216E-002   3.8724118069667565E-002 -0.58251135957778843       0.21812735110222842     
   9.0999999999999996       -4.0398926982248243E-002   2.6456875373510783E-002 -0.60327068573624087       0.17462983628120585     
   9.2000000000000011       -3.6291709926389776E-002   1.1786211424055504E-002 -0.62043424555970694       0.13194148388602278     
   9.3000000000000007       -3.1404968617013876E-002  -5.2408966556338199E-003 -0.63380161932133638        9.0504850970799300E-002
   9.4000000000000004       -2.5826305730858118E-002  -2.4542493208115912E-002 -0.64322047434122109        5.0732991591230042E-002
   9.5000000000000000       -1.9659563980112760E-002  -4.6002734187018335E-002 -0.64858814644885743        1.3004074825530537E-002
   9.6000000000000014       -1.3023088153481646E-002  -6.9473564614513761E-002 -0.64985234813658410       -2.2343173749017314E-002
   9.7000000000000011       -6.0477173316567240E-003  -9.4776936145786000E-002 -0.64701102183817327       -5.5013159677302637E-002
   9.8000000000000007        1.1254454205712749E-003 -0.12170750788595530      -0.64011137353533210       -8.4756210001686622E-002
   9.9000000000000004        8.3474353446663790E-003 -0.15003576574627675      -0.62924813689712400      -0.11137046033241635     
   10.000000000000000        1.5463947831917360E-002 -0.17951148964115235      -0.61456113115076549      -0.13470285158446715     
   10.100000000000001        2.2317926819153497E-002 -0.20986749374262181      -0.59623218669554379      -0.15464926676196961     
   10.200000000000001        2.8752167413644156E-002 -0.24082356280013956      -0.57448152100354088      -0.17115385366922670     
   10.300000000000001        3.4611882257435431E-002 -0.27209050712965177      -0.54956365356617787      -0.18420759279654023     
   10.400000000000000        3.9747184011687843E-002 -0.30337426016583680      -0.52176295257059868      -0.19384618072675786     
   10.500000000000000        4.4015440113009126E-002 -0.33437994530954629      -0.49138890770552807      -0.20014730816209755     
   10.600000000000001        4.7283460477610707E-002 -0.36481584301641579      -0.45877122313103258      -0.20322741807306316     
   10.700000000000001        4.9429483949083960E-002 -0.39439719446984217      -0.42425482236903900      -0.20323803357387560     
   10.800000000000001        5.0344934842643393E-002 -0.42284978455617123      -0.38819485288134747      -0.20036174703506240     
   10.900000000000000        4.9935926775485431E-002 -0.44991325399948645      -0.35095177262272326      -0.19480796180069054     
   11.000000000000000        4.8124496937797280E-002 -0.47534409820470236      -0.31288659412717934      -0.18680847586753460     
   11.100000000000001        4.4849559909345894E-002 -0.49891831839233497      -0.27435635395266167      -0.17661299321570029     
   11.200000000000001        4.0067575931818804E-002 -0.52043369878764612      -0.23570986682073991      -0.16448464338320901     
   11.300000000000001        3.3752934090666098E-002 -0.53971169176569700      -0.19728381478610896      -0.15069558359033425     
   11.400000000000000        2.5898056041356671E-002 -0.55659890078397267      -0.15939921248770528      -0.13552275048669113     
   11.500000000000000        1.6513230649763913E-002 -0.57096815850686056      -0.12235828018559931      -0.11924382065637248     
   11.600000000000001        5.6261941381841596E-003 -0.58271920461355142       -8.6441747073484010E-002 -0.10213343060698526     
   11.700000000000001       -6.7185260120891099E-003 -0.59177897427728388       -5.1906598451659680E-002  -8.4459698307599806E-002
   11.800000000000001       -2.0460482086211373E-002 -0.59810151412598134       -1.8984271902536431E-002  -6.6481079631965923E-002
   11.900000000000000       -3.5524368320744099E-002 -0.60166754758118013        1.2120700242175264E-002  -4.8443584490788005E-002
   12.000000000000000       -5.1821248639658174E-002 -0.60248371578395632        4.1231612013468533E-002  -3.0578369162267915E-002
   12.100000000000001       -6.9249923094286486E-002 -0.60058152383379815        6.8200084756219304E-002  -1.3099713492247395E-002
   12.200000000000001       -8.7698405499194693E-002 -0.59601602478793680        9.2906169743592240E-002   3.7966156511775873E-003
   12.300000000000001      -0.10704548463890379      -0.58886427581030620       0.11525807898625665        1.9934619927847647E-002
   12.400000000000000      -0.12716234180504016      -0.57922360205127243       0.13519157460832876        3.5158955274024128E-002
   12.500000000000000      -0.14791419826103772      -0.56720970432437667       0.15266905014342208        4.9335464221516856E-002
   12.600000000000001      -0.16916196746826917      -0.55295464647759052       0.16767833925162642        6.2351375558496319E-002
   12.700000000000001      -0.19076388848657602      -0.53660475759499993       0.18023128871089147        7.4115195715646717E-002
   12.800000000000001      -0.21257711882513514      -0.51831848287739213       0.19036213314524514        8.4556319098756327E-002
   12.900000000000000      -0.23445926710765863      -0.49826421530756798       0.19812570887804992        9.3624386676624177E-002
   13.000000000000000      -0.25626984817156373      -0.47661813808117065       0.20359554360886922       0.10128842350925607     
   13.100000000000001      -0.27787164558837540      -0.45356210534909264       0.20686185738000895       0.10753578661375565     
   13.200000000000001      -0.29913196902006978      -0.42928158614493467       0.20802950859902533       0.11237095467011537     
   13.300000000000001      -0.31992379626474032      -0.40396369352913258       0.20721591679277801       0.11581419062802185     
   13.400000000000000      -0.34012679225101433      -0.37779531803569266       0.20454899136284621       0.11790010735445892     
   13.500000000000000      -0.35962819957495046      -0.35096138151820422       0.20016509296481444       0.11867616512789211     
   13.600000000000001      -0.37832359740183719      -0.32364322451417998       0.19420705131533311       0.11820112810612325     
   13.700000000000001      -0.39611752764980362      -0.29601713732994395       0.18682226030671906       0.11654350493838617     
   13.800000000000001      -0.41292398930917890      -0.26825304223527280       0.17816086833974851       0.11377999652246870     
   13.900000000000000      -0.42866680351301772      -0.24051333148451420       0.16837407882600028       0.10999397158581323     
   14.000000000000000      -0.44327985354706967      -0.21295186337919247       0.15761257291016012       0.10527398835269507     
   14.100000000000001      -0.45670720536330672      -0.18571311628032369       0.14602506366226731        9.9712378099943266E-002
   14.200000000000001      -0.46890311533595108      -0.15893149838490256       0.13375698832564858        9.3403903948238359E-002
   14.300000000000001      -0.47983193297262638      -0.13273080921270036       0.12094934270748167        8.6444505826210077E-002
   14.400000000000000      -0.48946790706933657      -0.10722384711396586       0.10773765948870959        7.8930140216186939E-002
   14.500000000000000      -0.49779490438282237       -8.2512155708131210E-002   9.4251130125478963E-002   7.0955721073560116E-002
   14.600000000000001      -0.50480605029681991       -5.8685900996548371E-002   8.0611868127193745E-002   6.2614166230960056E-002
   14.700000000000001      -0.51050330119082599       -3.5823869952866627E-002   6.6934309833146188E-002   5.3995551672969849E-002
   14.800000000000001      -0.51489695829446203       -1.3993580674227540E-002   5.3324747372631959E-002   4.5186374311177002E-002
   14.900000000000000      -0.51800513274140847        6.7485063365404080E-003   3.9880987280367652E-002   3.6268922312499646E-002
   15.000000000000000      -0.51985317133952424        2.6356686506748980E-002   2.6692127244354741E-002   2.7320750641196767E-002
   15.100000000000001      -0.52047305226366247        4.4795630037444328E-002   1.3838442678472868E-002   1.8414258268220685E-002
   15.200000000000001      -0.51990275947075903        6.2039932123305816E-002   1.3913742259592521E-003   9.6163624786655966E-003
   15.300000000000001      -0.51818564414872070        7.8073605251562567E-002  -1.0586393100528363E-002   9.8826486415423687E-004
   15.400000000000000      -0.51536978095671426        9.2889523989867676E-002  -2.2040768665932076E-002  -7.4146970852041472E-003
   15.500000000000000      -0.51150732620953809       0.10648883227113243       -3.2926022444507486E-002  -1.5543119384494986E-002
   15.600000000000001      -0.50665388451658866       0.11888032268961082       -4.3204488268657248E-002  -2.3353528906886800E-002
   15.700000000000001      -0.50086788971971630       0.13007979675401690       -5.2846213439639689E-002  -3.0808315858284391E-002
   15.800000000000001      -0.49421000529583092       0.14010941441628555       -6.1828563751352317E-002  -3.7875608638843594E-002
   15.900000000000000      -0.48674254871037936       0.14899704052398385       -7.0135792595240498E-002  -4.4529098335940126E-002
   16.000000000000000      -0.47852894353641973       0.15677559514450579       -7.7758582357416089E-002  -5.0747819973262331E-002
   16.100000000000001      -0.46963320249945284       0.16348241399299468       -8.4693565803311777E-002  -5.6515897434886331E-002
   16.199999999999999      -0.46011944397773852       0.16915862447516719       -9.0942834584769622E-002  -6.1822258704747168E-002
   16.300000000000001      -0.45005144388757212       0.17384854214128129       -9.6513441412498790E-002  -6.6660327723612245E-002
   16.400000000000002      -0.43949222431804968       0.17759909164755300      -0.10141690182533211       -7.1027698779616233E-002
   16.500000000000000      -0.42850367975389603       0.18045925564419768      -0.10566870086753036       -7.4925798926014642E-002
   16.600000000000001      -0.41714624124115507       0.18247955436159841      -0.10928780936618554       -7.8359543471569509E-002
   16.699999999999999      -0.40547857841056156       0.18371155805318995      -0.11229621389099925       -8.1336989124485976E-002
   16.800000000000001      -0.39355733887867744       0.18420743387986288      -0.11471846388571175       -8.3868988898764624E-002
   16.900000000000002      -0.38143692419743408       0.18401952828909535      -0.11658123889029219       -8.5968852419830211E-002
   17.000000000000000      -0.36916930121839153       0.18319998545491512      -0.11791293823079900       -8.7652014801116618E-002
   17.100000000000001      -0.35680384747780558       0.18180040190343302      -0.11874329504354839       -8.8935716810628118E-002
   17.199999999999999      -0.34438722899102603       0.17987151705360108      -0.11910301602496817       -8.9838698611218459E-002
   17.300000000000001      -0.33196330866793261       0.17746293905381785      -0.11902344786042443       -9.0380908944382304E-002
   17.400000000000002      -0.31957308342293039       0.17462290499124328      -0.11853627088576767       -9.0583231237868655E-002
   17.500000000000000      -0.30725464795077090       0.17139807429078127      -0.11767322017497230       -9.0467227754767066E-002
   17.600000000000001      -0.29504318307068633       0.16783335390293630      -0.11646583392608216       -9.0054902567571898E-002
   17.699999999999999      -0.28297096650299958       0.16397175370193801      -0.11494522873515151       -8.9368483836115856E-002
   17.800000000000001      -0.27106740393164619       0.15985427037524269      -0.11314190110297427       -8.8430225593664133E-002
   17.900000000000002      -0.25935907822004439       0.15551979798015128      -0.11108555431072453       -8.7262229000859767E-002
   18.000000000000000      -0.24786981468343519       0.15100506327000426      -0.10880494962642841       -8.5886282812141126E-002
   18.100000000000001      -0.23662076037541666       0.14634458384837523      -0.10632778066247672       -8.4323722612912003E-002
   18.199999999999999      -0.22563047541711695       0.14157064719199128      -0.10368056959298527       -8.2595308227013109E-002
   18.300000000000001      -0.21491503448160265       0.13671330858883252      -0.10088858385638777       -8.0721118561548719E-002
   18.400000000000002      -0.20448813664126075       0.13180040606419821       -9.7975771910819104E-002  -7.8720463048319381E-002
   18.500000000000000      -0.19436122188961363       0.12685759041169614       -9.4964716575174107E-002  -7.6611808756298513E-002
   18.600000000000001      -0.18454359275916182       0.12190836850545428       -9.1876604474760759E-002  -7.4412722185966104E-002
   18.699999999999999      -0.17504253957145005       0.11697415814190899       -8.8731210114849718E-002  -7.2139824712044290E-002
   18.800000000000001      -0.16586346797269003       0.11207435274184974       -8.5546893125767548E-002  -6.9808760614356369E-002
   18.900000000000002      -0.15701002752647408       0.10722639433389668       -8.2340607257318010E-002  -6.7434176625331105E-002
   19.000000000000000      -0.14848424025277224       0.10244585333714062       -7.9127919746051989E-002  -6.5029711925215838E-002
   19.100000000000001      -0.14028662811838696        9.7746513761508669E-002  -7.5923039734287490E-002  -6.2607997530607529E-002
   19.200000000000003      -0.13241633859718580        9.3140462547832065E-002  -7.2738854482915380E-002  -6.0180664046733279E-002
   19.300000000000001      -0.12487126752782464        8.8638181874100608E-002  -6.9586972189190313E-002  -5.7758356787399406E-002
   19.400000000000002      -0.11764817860158169        8.4248643358692893E-002  -6.6477770294335964E-002  -5.5350757307170526E-002
   19.500000000000000      -0.11074281891269594        7.9979403194320869E-002  -6.3420448242456628E-002  -5.2966610436723904E-002
   19.600000000000001      -0.10415003009776293        7.5836697347028803E-002  -6.0423083730657322E-002  -5.0613755963144554E-002
   19.700000000000003       -9.7863854678963386E-002   7.1825536052041589E-002  -5.7492691569320048E-002  -4.8299164151016621E-002
   19.800000000000001       -9.1877637307891002E-002   6.7949796931843956E-002  -5.4635284350150373E-002  -4.6028974356439559E-002
   19.900000000000002       -8.6184120682417598E-002   6.4212316151072979E-002  -5.1855934197059472E-002  -4.3808536043615579E-002
   20.000000000000000       -8.0775535978310331E-002   6.0614977107177455E-002  -4.9158834950447414E-002  -4.1642451571571246E-002
