   0.0000000000000000        0.0000000000000000        0.0000000000000000        0.0000000000000000        0.0000000000000000     
  0.10000000000000001       -3.5435222192612970E-003  -3.0204657310231954E-002   2.1687772529389776E-002  0.32319622378751128     
  0.20000000000000001        2.3316333814520779E-004  -7.5790837495902666E-002  -1.1702116712181188E-002  0.84996010412542899     
  0.30000000000000004        1.8173714380732564E-002 -0.11114252033931507      -0.14451239268152483        1.2266542506429199     
  0.40000000000000002        4.7356133634106498E-002 -0.13879677038226068      -0.34937010743792507        1.3538468076765700     
  0.50000000000000000        8.2292015481231065E-002 -0.16912473327652969      -0.57743781244865744        1.2547071461287673     
  0.60000000000000009       0.11817941668137842      -0.21100278448299195      -0.78320901246581831       0.99969474774956824     
  0.70000000000000007       0.15199716691803353      -0.26857755438083641      -0.93452730242849846       0.66637535381236368     
  0.80000000000000004       0.18252131307715053      -0.34113110068021951       -1.0145613377334142       0.32044162797904047     
  0.90000000000000002       0.20988991340898983      -0.42428679392707713       -1.0198512048825710        8.9526751499333090E-003
   1.0000000000000000       0.23505714110452058      -0.51157974361414627      -0.95683771765647763      -0.23986887727840472     
   1.1000000000000001       0.25930406812448586      -0.59589862713364261      -0.83820081040792138      -0.41373751182856622     
   1.2000000000000002       0.28387227335710558      -0.67059230698180727      -0.67966165230644804      -0.51232043546393691     
   1.3000000000000000       0.30973102580506423      -0.73019518435750685      -0.49750380909873443      -0.54326889690102376     
   1.4000000000000001       0.33746157879637617      -0.77080721278503783      -0.30684495934393041      -0.51879868637021653     
   1.5000000000000000       0.36723152516261653      -0.79019919975906094      -0.12057699374983422      -0.45301623425389614     
   1.6000000000000001       0.39883080955882028      -0.78772176227025170        5.1154663707944303E-002 -0.35999826070311108     
   1.7000000000000002       0.43174426571224767      -0.76408991630980272       0.20107034206844815      -0.25253788391601850     
   1.8000000000000000       0.46524068047280309      -0.72110262954044535       0.32460027522340723      -0.14143169932650884     
   1.9000000000000001       0.49846381550879082      -0.66134233714384849       0.41955923624618213       -3.5176538248574196E-002
   2.0000000000000000       0.53051572934562352      -0.58788590013745834       0.48573415569439848        6.0043971567432797E-002
   2.1000000000000001       0.56052678691591784      -0.50404695063483829       0.52444527008625441       0.14018381191249207     
   2.2000000000000002       0.58770983942274158      -0.41316041334855291       0.53812231967782220       0.20304955347374992     
   2.3000000000000003       0.61139826761125060      -0.31841316968012945       0.52992185106119405       0.24796542385489584     
   2.4000000000000004       0.63106903774232581      -0.22272006903503253       0.50339976492965022       0.27543048680184434     
   2.5000000000000000       0.64635277447741135      -0.12864143060946415       0.46224452733956906       0.28679561833792466     
   2.6000000000000001       0.65703325694718906       -3.8336444944729708E-002  0.41007043152211359       0.28397678053646874     
   2.7000000000000002       0.66303882444801066        4.6453864729041394E-002  0.35026642225767002       0.26921276009938089     
   2.8000000000000003       0.66442804478794315       0.12440051914065568       0.28589377341557859       0.24486962563822354     
   2.9000000000000004       0.66137173634896851       0.19456329959070112       0.21962490218259711       0.21329020211986099     
   3.0000000000000000       0.65413310817350245       0.25635564157947532       0.15371544612863158       0.17668442536857665     
   3.1000000000000001       0.64304743627749339       0.30950224553618655        9.0002131275166819E-002  0.13705513819332504     
   3.2000000000000002       0.62850235951219535       0.35399311295831626        2.9919698092730429E-002   9.6153399956749763E-002
   3.3000000000000003       0.61091957360139471       0.39003691484004210       -2.5468936632505879E-002   5.5457443875266743E-002
   3.4000000000000004       0.59073843772298784       0.41801586850691208       -7.5434137465091922E-002   1.6169829849932760E-002
   3.5000000000000000       0.56840178817978426       0.43844366065728491      -0.11953653918863560       -2.0772045622493629E-002
   3.6000000000000001       0.54434407803463747       0.45192741701143213      -0.15758260705437144       -5.4676215888588120E-002
   3.7000000000000002       0.51898182705665674       0.45913428185587968      -0.18958103688671490       -8.5070599500225663E-002
   3.8000000000000003       0.49270626835295422       0.46076282747033825      -0.21570160352079776      -0.11167436975051115     
   3.9000000000000004       0.46587801132818646       0.45751925407129490      -0.23623751889426092      -0.13436833957416494     
   4.0000000000000000       0.43882349966043488       0.45009815401907477      -0.25157192096424597      -0.15316591758419706     
   4.1000000000000005       0.41183302258407561       0.43916748775811087      -0.26214877144960469      -0.16818572952587829     
   4.2000000000000002       0.38516003317765879       0.42535734188370533      -0.26844818206741561      -0.17962662037096755     
   4.2999999999999998       0.35902153441093809       0.40925200139339413      -0.27096600262242698      -0.18774544988812319     
   4.4000000000000004       0.33359930889145395       0.39138485934951939      -0.27019737748425088      -0.19283786063580910     
   4.5000000000000000       0.30904178867742987       0.37223569994202932      -0.26662389800686176      -0.19522202267150440     
   4.6000000000000005       0.28546638488626441       0.35222991870912540      -0.26070393689598831      -0.19522523441944117     
   4.7000000000000002       0.26296212134708907       0.33173928110439233      -0.25286573738240231      -0.19317317507034354     
   4.8000000000000007       0.24159244089614546       0.31108386347261408      -0.24350283768696587      -0.18938155235895340     
   4.9000000000000004       0.22139807615165152       0.29053486557617902      -0.23297143338188619      -0.18414986330035377     
   5.0000000000000000       0.20239989809962250       0.27031802870040877      -0.22158931180443078      -0.17775697821701283     
   5.1000000000000005       0.18460167519285867       0.25061743635543204      -0.20963602969368311      -0.17045826492591054     
   5.2000000000000002       0.16799269272463618       0.23157951454444659      -0.19735404466345485      -0.16248398600375880     
   5.3000000000000007       0.15255019694490402       0.21331708479028980      -0.18495055074893116      -0.15403872419354731     
   5.4000000000000004       0.13824164080368850       0.19591335525587306      -0.17259980647330811      -0.14530161659633883     
   5.5000000000000000       0.12502671847003807       0.17942576326927884      -0.16044577959832218      -0.13642720529052837     
   5.6000000000000005       0.11285918406745969       0.16388960646800960      -0.14860496528555719      -0.12754673895574362     
   5.7000000000000002       0.10168845659618136       0.14932141983428532      -0.13716926345662939      -0.11876978590779656     
   5.8000000000000007        9.1461017996594590E-002  0.13572207241210249      -0.12620882658947721      -0.11018604298305884     
   5.9000000000000004        8.2121614963360734E-002  0.12307957083109780      -0.11577481108579604      -0.10186724652820905     
   6.0000000000000000        7.3614277652998730E-002  0.11137156728555996      -0.10590198387010902       -9.3869111146847789E-002
   6.1000000000000005        6.5883170031740240E-002  0.10056757770216086       -9.6611151289367508E-002  -8.6233238775800025E-002
   6.2000000000000002        5.8873287459584867E-002   9.0630921835509790E-002  -8.7911389972561774E-002  -7.8988955170014322E-002
   6.3000000000000007        5.2531017355960552E-002   8.1520401291061972E-002  -7.9802069401414988E-002  -7.2155043100669308E-002
   6.4000000000000004        4.6804578577560770E-002   7.3191734295309591E-002  -7.2274663856276261E-002  -6.5741351699277473E-002
   6.5000000000000000        4.1644354575891829E-002   6.5598767686266310E-002  -6.5314357445308793E-002  -5.9750269620781039E-002
   6.6000000000000005        3.7003134588765481E-002   5.8694487322610525E-002  -5.8901450390096012E-002  -5.4178056271133847E-002
   6.7000000000000002        3.2836276137637614E-002   5.2431848114558019E-002  -5.3012577892380577E-002  -4.9016030469002464E-002
   6.8000000000000007        2.9101801017524177E-002   4.6764444339918783E-002  -4.7621754983072528E-002  -4.4251619797378509E-002
   6.9000000000000004        2.5760435831129351E-002   4.1647039972738303E-002  -4.2701261966028942E-002  -3.9869276745145336E-002
   7.0000000000000000        2.2775606975159388E-002   3.7035977541583207E-002  -3.8222385597828652E-002  -3.5851269719577930E-002
   7.1000000000000005        2.0113398866062039E-002   3.2889482649217816E-002  -3.4156031146916219E-002  -3.2178358287951396E-002
   7.2000000000000002        1.7742483117784008E-002   2.9167879804433226E-002  -3.0473220082697445E-002  -2.8830362720042572E-002
   7.3000000000000007        1.5634025371842736E-002   2.5833733702231458E-002  -2.7145487466913719E-002  -2.5786638174567812E-002
   7.4000000000000004        1.3761575540679489E-002   2.2851928587881654E-002  -2.4145192245610292E-002  -2.3026463804836837E-002
   7.5000000000000000        1.2100946364992402E-002   2.0189696888742104E-002  -2.1445752642621118E-002  -2.0529356738963781E-002
   7.6000000000000005        1.0630084407070032E-002   1.7816606920230509E-002  -1.9021817792098047E-002  -1.8275320389800325E-002
   7.7000000000000002        9.3289369048456944E-003   1.5704518185719538E-002  -1.6849385662800587E-002  -1.6245035928064640E-002
   7.8000000000000007        8.1793172932091013E-003   1.3827511604612222E-002  -1.4905876254443364E-002  -1.4420005056091419E-002
   7.9000000000000004        7.1647716563087282E-003   1.2161800923380327E-002  -1.3170168011227321E-002  -1.2782651486425888E-002
   8.0000000000000000        6.2704479024119717E-003   1.0685630591877635E-002  -1.1622604417266369E-002  -1.1316387787859296E-002
   8.0999999999999996        5.4829690459923044E-003   9.3791645197068996E-003  -1.0244976824541657E-002  -1.0005653533085643E-002
   8.2000000000000011        4.7903116343823784E-003   8.2243693605648666E-003  -9.0204887231208099E-003  -8.8359299826910424E-003
   8.3000000000000007        4.1816900627748288E-003   7.2048953005433656E-003  -7.9337058988345754E-003  -7.7937358806075864E-003
   8.4000000000000004        3.6474472758494430E-003   6.3059567425756188E-003  -6.9704962357493121E-003  -6.8666083235419118E-003
   8.5000000000000000        3.1789521513469121E-003   5.5142147762900304E-003  -6.1179623078540151E-003  -6.0430721052333047E-003
   8.5999999999999996        2.7685036952796284E-003   4.8176628929535699E-003  -5.3643693631262573E-003  -5.3126004273323230E-003
   8.7000000000000011        2.4092420453129359E-003   4.2055170414789659E-003  -4.6990708292592373E-003  -4.6655694120415186E-003
   8.8000000000000007        2.0950661736973465E-003   3.6681108163765033E-003  -4.1124330588759462E-003  -4.0932084459097233E-003
   8.9000000000000004        1.8205580999229032E-003   3.1967963151502137E-003  -3.5957606777349705E-003  -3.5875480268610809E-003
   9.0000000000000000        1.5809133623474201E-003   2.7838509945076534E-003  -3.1412235968362942E-003  -3.1413664745760369E-003
   9.0999999999999996        1.3718774541631338E-003   2.4223906859033328E-003  -2.7417864931096238E-003  -2.7481365942411823E-003
   9.2000000000000011        1.1896878993344680E-003   2.1062887959215561E-003  -2.3911413483413868E-003  -2.4019731517751315E-003
   9.3000000000000007        1.0310216260412724E-003   1.8301016109031371E-003  -2.0836434572671448E-003  -2.0975818211974393E-003
   9.4000000000000004        8.9294728650580991E-004   1.5889995436279983E-003  -1.8142511687502649E-003  -1.8302100981819522E-003
   9.5000000000000000        7.7288217097845396E-004   1.3787040988744207E-003  -1.5784695044735657E-003  -1.5956005345140589E-003
   9.6000000000000014        6.6855336848994332E-004   1.1954302908455321E-003  -1.3722977037531464E-003  -1.3899465328403734E-003
   9.7000000000000011        5.7796283637611637E-004   1.0358342157807999E-003  -1.1921806674868396E-003  -1.2098508466818752E-003
   9.8000000000000007        4.9935605339046670E-004   8.9696546494984133E-004  -1.0349642157864041E-003  -1.0522868543521649E-003
   9.9000000000000004        4.3119394647909390E-004   7.7622405441659954E-004  -8.9785402977888065E-004  -9.1456261461779920E-004
   10.000000000000000        3.7212779820759977E-004   6.7132154654853343E-004  -7.7837811599568640E-004  -7.9428766435314722E-004
   10.100000000000001        3.2097685975216188E-004   5.8024604260457501E-004  -6.7435260960302661E-004  -6.8934248202591507E-004
   10.200000000000001        2.7670841277453641E-004   5.0123073450078048E-004  -5.8385071864955557E-004  -5.9785051378808210E-004
   10.300000000000001        2.3842004197770550E-004   4.3272571588390875E-004  -5.0517460395740552E-004  -5.1815263965153077E-004
   10.400000000000000        2.0532389836099680E-004   3.7337276699774495E-004  -4.3682998692964696E-004  -4.4878394431564100E-004
   10.500000000000000        1.7673275091298398E-004   3.2198284373228706E-004  -3.7750327926287905E-004  -3.8845264949139010E-004
   10.600000000000001        1.5204764151383271E-004   2.7751601807641109E-004  -3.2604103338977142E-004  -3.3602106100942433E-004
   10.700000000000001        1.3074697403529534E-004   2.3906363444958721E-004  -2.8143151964166602E-004  -2.9048838373650653E-004
   10.800000000000001        1.1237688393915260E-004   2.0583246367319042E-004  -2.4278824496147742E-004  -2.5097525961938108E-004
   10.900000000000000        9.6542749031646845E-005   1.7713065335177143E-004  -2.0933523797606182E-004  -2.1670988841017050E-004
   11.000000000000000        8.2901715408571113E-005   1.5235528993859710E-004  -1.8039393592024904E-004  -1.8701559628954209E-004
   11.100000000000001        7.1156125021730566E-005   1.3098140358905580E-004  -1.5537151994390278E-004  -1.6129972427021314E-004
   11.200000000000001        6.1047742728165917E-005   1.1255226194193760E-004  -1.3375055645385966E-004  -1.3904371558874678E-004
   11.300000000000001        5.2352691177568416E-005   9.6670813135236303E-005  -1.1507981313127431E-004  -1.1979428899963988E-004
   11.400000000000000        4.4877011489009828E-005   8.2992151616216781E-005  -9.8966128960096915E-005  -1.0315559275076430E-004
   11.500000000000000        3.8452776410381398E-005   7.1216892627504237E-005  -8.5067227884945266E-005  -8.8782241869442312E-005
   11.600000000000001        3.2934690592113965E-005   6.1085352644964705E-005  -7.3085375502419858E-005  -7.6373149090255789E-005
   11.700000000000001        2.8197119792597640E-005   5.2372443527861247E-005  -6.2761787423157254E-005  -6.5666067208860918E-005
   11.800000000000001        2.4131497319013400E-005   4.4883197747651367E-005  -5.3871706589750861E-005  -5.6432767777984145E-005
   11.900000000000000        2.0644061846646434E-005   3.8448850827745574E-005  -4.6220074883356854E-005  -4.8474787822358684E-005
   12.000000000000000        1.7653886003710647E-005   3.2923415097198845E-005  -3.9637731798752570E-005  -4.1619682606767926E-005
   12.100000000000001        1.5091159807122911E-005   2.8180686084939171E-005  -3.3978079824169788E-005  -3.5717728428413146E-005
   12.200000000000001        1.2895697235152105E-005   2.4111629407878417E-005  -2.9114162446824173E-005  -3.0639024915806305E-005
   12.300000000000001        1.1015637970545250E-005   2.0622101886782997E-005  -2.4936106442058607E-005  -2.6270951404561576E-005
   12.400000000000000        9.4063196849860648E-006   1.7630865908286309E-005  -2.1348885321831511E-005  -2.2515936635874678E-005
   12.500000000000000        8.0292992021078533E-006   1.5067860788770581E-005  -1.8270365547891876E-005  -1.9289505301184248E-005
   12.600000000000001        6.8515035084438020E-006   1.2872699133055103E-005  -1.5629601388810237E-005  -1.6518568855149661E-005
   12.700000000000001        5.8444939134822167E-006   1.0993359962626448E-005  -1.3365348150953421E-005  -1.4139931559656977E-005
   12.800000000000001        4.9838287224676624E-006   9.3850537567262288E-006  -1.1424766974159806E-005  -1.2098985926538952E-005
   12.900000000000000        4.2485116071515591E-006   8.0092375444612985E-006  -9.7622974851711174E-006  -1.0348574619211363E-005
   13.000000000000000        3.6205144662099842E-006   6.8327608439314783E-006  -8.3386773765118531E-006  -8.8479984767306530E-006
   13.100000000000001        3.0843649819859887E-006   5.8271255991255564E-006  -7.1200904547389220E-006  -7.5621526607768969E-006
   13.200000000000001        2.6267903248103065E-006   4.9678453482308460E-006  -6.0774269074257365E-006  -6.4607750189822345E-006
   13.300000000000001        2.2364095495572915E-006   4.2338906966136851E-006  -5.1856414987619802E-006  -5.5177926281590405E-006
   13.400000000000000        1.9034681885274001E-006   3.6072097901165285E-006  -4.4231971433052891E-006  -4.7107541485448031E-006
   13.500000000000000        1.6196093856642578E-006   3.0723139131479798E-006  -3.7715828484618575E-006  -4.0203371041778271E-006
   13.600000000000001        1.3776766533447641E-006   2.6159195927448597E-006  -3.2148963791714780E-006  -3.4299205227021790E-006
   13.700000000000001        1.1715439768744512E-006   2.2266396936955105E-006  -2.7394832017695338E-006  -2.9252145367383668E-006
   13.800000000000001        9.9596955438419229E-007   1.8947169583323306E-006  -2.3336243251849234E-006  -2.4939395836429743E-006
   13.900000000000000        8.4646995084795464E-007   1.6117942933462695E-006  -1.9872665920336403E-006  -2.1255487549656941E-006
   14.000000000000000        7.1921187311498516E-007   1.3707168489270250E-006  -1.6917897938352189E-006  -1.8109876539443859E-006
   14.100000000000001        6.1091914587631619E-007   1.1653615851792637E-006  -1.4398057061966882E-006  -1.5424868305652775E-006
   14.200000000000001        5.1879279317908502E-007   9.9049058823728806E-007  -1.2249847727861336E-006  -1.3133824895828206E-006
   14.300000000000001        4.4044241248290932E-007   8.4162489369895910E-007  -1.0419067214954544E-006  -1.1179617169588775E-006
   14.400000000000000        3.7382727363064490E-007   7.1493600671452490E-007  -8.8593188153581154E-007  -9.5132895302159605E-007
   14.500000000000000        3.1720578815811393E-007   6.0715268408637923E-007  -7.5309039450459132E-007  -8.0929086396856430E-007
   14.600000000000001        2.6909217920830970E-007   5.1548087095400690E-007  -6.3998688300481345E-007  -6.8825713405763824E-007
   14.700000000000001        2.2821934255912008E-007   4.3753496914143804E-007  -5.4371846367328154E-007  -5.8515502512117011E-007
   14.800000000000001        1.9350702809100234E-007   3.7127886140150317E-007  -4.6180427324082974E-007  -4.9735583341902124E-007
   14.900000000000000        1.6403459119130308E-007   3.1497533033030852E-007  -3.9212492160845162E-007  -4.2261162122179140E-007
   15.000000000000000        1.3901766754765526E-007   2.6714269680491152E-007  -3.3287049938942673E-007  -3.5900081625013118E-007
   15.100000000000001        1.1778821465129711E-007   2.2651766406963939E-007  -2.8249595292494958E-007  -3.0488146005799816E-007
   15.200000000000001        9.9777440970221702E-008   1.9202349326568098E-007  -2.3968280094290525E-007  -2.5885105006269512E-007
   15.300000000000001        8.4501210783113079E-008   1.6274275707161985E-007  -2.0330630689012448E-007  -2.1971206222042599E-007
   15.400000000000000        7.1547570501463994E-008   1.3789402265615604E-007  -1.7240734224791555E-007  -1.8644236499517416E-007
   15.500000000000000        6.0566092180040774E-008   1.1681190548586355E-007  -1.4616828122741800E-007  -1.5816984262561025E-007
   15.600000000000001        5.1258772896132399E-008   9.8930013555908353E-008  -1.2389235823020350E-007  -1.3415063883169708E-007
   15.700000000000001        4.3372265696990260E-008   8.3766368956156780E-008  -1.0498599818537219E-007  -1.1375051284048137E-007
   15.800000000000001        3.6691249681446917E-008   7.0910951774849249E-008  -8.8943697942547312E-008  -9.6428869547349406E-008
   15.900000000000000        3.1032774197987253E-008   6.0015061418439406E-008  -7.5335095713708618E-008  -8.1725086165588701E-008
   16.000000000000000        2.6241435716394897E-008   5.0782233569162614E-008  -6.3793916340568014E-008  -6.9246810079804702E-008
   16.100000000000001        2.2185266191174653E-008   4.2960488150010639E-008  -5.4008523986497082E-008  -5.8659947880163341E-008
   16.199999999999999        1.8752229139155104E-008   3.6335715635061934E-008  -4.5713851643608651E-008  -4.9680104651469450E-008
   16.300000000000001        1.5847234596373625E-008   3.0726036538742354E-008  -3.8684509416675714E-008  -4.2065266341370105E-008
   16.400000000000002        1.3389596942424623E-008   2.5976992553698892E-008  -3.2728901600765185E-008  -3.5609547148307525E-008
   16.500000000000000        1.1310870579315850E-008   2.1957448114681250E-008  -2.7684206720964750E-008  -3.0137848972995223E-008
   16.600000000000001        9.5530078816573465E-009   1.8556098604978918E-008  -2.3412095481957239E-008  -2.5501301607387680E-008
   16.699999999999999        8.0667919158426315E-009   1.5678496390270238E-008  -1.9795079443476545E-008  -2.1573370961922381E-008
   16.800000000000001        6.8105033476520745E-009   1.3244518706037687E-008  -1.6733398594513460E-008  -1.8246538663147805E-008
   16.900000000000002        5.7487868840752469E-009   1.1186212436011088E-008  -1.4142369190666917E-008  -1.5429470143732455E-008
   17.000000000000000        4.8516876670757581E-009   9.4459602567930988E-009  -1.1950124544781012E-008  -1.3044600202227007E-008
   17.100000000000001        4.0938323758879056E-009   7.9749207091227002E-009  -1.0095691180063270E-008  -1.1026075196854096E-008
   17.199999999999999        3.4537335046589092E-009   6.7317016798386211E-009  -8.5273510911127668E-009  -9.3179997863138015E-009
   17.300000000000001        2.9131984536385332E-009   5.6812327048476707E-009  -7.2012480050600680E-009  -7.8729436403851700E-009
   17.400000000000002        2.4568277818573188E-009   4.7938065737966455E-009  -6.0802016592207993E-009  -6.6506699862597369E-009
   17.500000000000000        2.0715892836249527E-009   4.0442650534678958E-009  -5.1326993572122602E-009  -5.6170533818906610E-009
   17.600000000000001        1.7464565271569315E-009   3.4113072539356937E-009  -4.3320385564593808E-009  -4.7431588437075263E-009
   17.699999999999999        1.4721021800526351E-009   2.8769023292834644E-009  -3.6555980832912729E-009  -4.0044585137063840E-009
   17.800000000000001        1.2406378851087972E-009   2.4257909105731091E-009  -3.0842188594208034E-009  -3.3801655257945055E-009
   17.900000000000002        1.0453936769886251E-009   2.0450619792312739E-009  -2.6016778346840472E-009  -2.8526677057490425E-009
   18.000000000000000        8.8073097636508005E-010   1.7237938611075989E-009  -2.1942412235751467E-009  -2.4070462841948697E-009
   18.100000000000001        7.4188408969180692E-010   1.4527497041051932E-009  -1.8502851958707334E-009  -2.0306669787060560E-009
   18.199999999999999        6.2482590230490676E-010   1.2241192374417165E-009  -1.5599739247635334E-009  -1.7128326620273535E-009
   18.300000000000001        5.2615409944727600E-010   1.0312998342354448E-009  -1.3149863925800153E-009  -1.4444884236740398E-009
   18.400000000000002        4.4299480056532198E-010   8.6871094203579917E-010  -1.1082846313825304E-009  -1.2179711906212668E-009
   18.500000000000000        3.7292096098919156E-010   7.3163683451291442E-010  -9.3391716531963428E-010  -1.0267972327755335E-009
   18.600000000000001        3.1388329395462367E-010   6.1609339436967877E-010  -7.8685235072824687E-010  -8.6548186905330125E-010
   18.699999999999999        2.6415180517868615E-010   5.1871528196083486E-010  -6.6283710204558825E-010  -7.2938653472841000E-010
   18.800000000000001        2.2226632067891856E-010   4.3666039261974423E-010  -5.5827716654830359E-010  -6.1458909130866045E-010
   18.900000000000002        1.8699463375219808E-010   3.6752897242842933E-010  -4.7013568591567943E-010  -5.1777387461257347E-010
   19.000000000000000        1.5729710542846063E-010   3.0929515918818789E-010  -3.9584727225782083E-010  -4.3613850040238800E-010
   19.100000000000001        1.3229672976494633E-010   2.6024905296554586E-010  -3.3324524308662529E-010  -3.6731489313226752E-010
   19.200000000000003        1.1125382572126019E-010   2.1894770760235569E-010  -2.8050001444789445E-010  -3.0930238342578951E-010
   19.300000000000001        9.3544645037611987E-011   1.8417367850144910E-010  -2.3606695323165393E-010  -2.6041104350254355E-010
   19.400000000000002        7.8643293922664158E-011   1.5489996923935128E-010  -1.9864224635572307E-010  -2.1921370522445933E-010
   19.500000000000000        6.6106458335066053E-011   1.3026039558075562E-010  -1.6712556275338871E-010  -1.8450533981859111E-010
   19.600000000000001        5.5560500676588522E-011   1.0952453493561730E-010  -1.4058846959115674E-010  -1.5526867771357062E-010
   19.700000000000003        4.6690561901266537E-011   9.2076556180262439E-011  -1.1824772176224445E-010  -1.3064511647745093E-010
   19.800000000000001        3.9231359168140453E-011   7.7397332441952233E-011  -9.9442677595437662E-011  -1.0991010898392841E-010
   19.900000000000002        3.2959416743054348E-011   6.5049330803533896E-011  -8.3616207426083763E-011  -9.2452346433975563E-011
   20.000000000000000        2.7686508178415954E-011   5.4663850374195553E-011  -7.0298558212450445E-011  -7.7756154938537257E-011
