   0.0000000000000000        0.0000000000000000        0.0000000000000000        0.0000000000000000        0.0000000000000000     
  0.10000000000000001       0.18076112986643206      -0.19938878351018280      -0.28817737435484903        1.4613595449255095     
  0.20000000000000001       0.33238395491626849      -0.31146798630274075      -0.64948350109079300        1.5865966626696082     
  0.30000000000000004       0.45388703083369092      -0.39231494439994835      -0.91397239580727185        1.1363426805247356     
  0.40000000000000002       0.54768898008812095      -0.46228199244186829       -1.0258376190419447       0.53360446113163951     
  0.50000000000000000       0.61760906647839364      -0.52407347690625006      -0.98989267053405672       -8.4696176863071071E-003
  0.60000000000000009       0.66774310968860484      -0.57326965857831891      -0.83872530438255666      -0.40206353702440673     
  0.70000000000000007       0.70188684551520986      -0.60404562172182896      -0.61347849455051506      -0.62993409766924791     
  0.80000000000000004       0.72328932701263227      -0.61192957602166376      -0.35340974411828047      -0.71088444034416021     
  0.90000000000000002       0.73459504178297741      -0.59481659445197421       -9.0937196796339909E-002 -0.67878137448745457     
   1.0000000000000000       0.73788516880499799      -0.55302178379942046       0.15002629689087085      -0.57046848472363654     
   1.1000000000000001       0.73476308264432799      -0.48886370994205153       0.35389066184258960      -0.41938209784694203     
   1.2000000000000002       0.72645204436296884      -0.40607312821458008       0.51227562586981201      -0.25270661928701738     
   1.3000000000000000       0.71388770793791512      -0.30919393376908189       0.62253217492876445       -9.0627667991716399E-002
   1.4000000000000001       0.69779724151554146      -0.20306152614834916       0.68622837405519344        5.3257433525728537E-002
   1.5000000000000000       0.67876235239141414       -9.2393463501274170E-002  0.70777661722509699       0.17096857787203507     
   1.6000000000000001       0.65726658828219109        1.8502161037306591E-002  0.69328279306186225       0.25897568773871416     
   1.7000000000000002       0.63372883934337909       0.12591105871826078       0.64963932139753067       0.31704575264371748     
   1.8000000000000000       0.60852557619896053       0.22680754097102651       0.58385071577262626       0.34721444622202552     
   1.9000000000000001       0.58200442121685636       0.31887962552053062       0.50256336169452331       0.35292984398824473     
   2.0000000000000000       0.55449141805001190       0.40050346805909681       0.41176446985831722       0.33837796862321878     
   2.1000000000000001       0.52629399856571457       0.47068379061103921       0.31661455041726694       0.30797866896630377     
   2.2000000000000002       0.49770124372423619       0.52897403299068479       0.22138053423770912       0.26602981095100398     
   2.3000000000000003       0.46898265076923162       0.57538694806779145       0.12944108281563382       0.21647389790984273     
   2.4000000000000004       0.44038628117998668       0.61030359343172025        4.3340586449808705E-002  0.16276133119785891     
   2.5000000000000000       0.41213688320971970       0.63438628478708448       -3.5126795812071399E-002  0.10778677868932618     
   2.6000000000000001       0.38443436042287704       0.64849911695940654      -0.10481730135582235        5.3878386800095712E-002
   2.7000000000000002       0.35745278882282094       0.65363811695906338      -0.16513239598420443        2.8231377984749839E-003
   2.8000000000000003       0.33134006265430238       0.65087192978899722      -0.21591560556835587       -4.4084900040874730E-002
   2.9000000000000004       0.30621816464534518       0.64129309742989560      -0.25735618084258916       -8.5983580045525088E-002
   3.0000000000000000       0.28218400239656055       0.62597941709779681      -0.28990249504549537      -0.12237643396138387     
   3.1000000000000001       0.25931072167797425       0.60596450143874536      -0.31418662614032433      -0.15306647460700079     
   3.2000000000000002       0.23764939342274705       0.58221646157674911      -0.33096053017848515      -0.17809358738470832     
   3.3000000000000003       0.21723096916580806       0.55562355177454315      -0.34104349129639450      -0.19767769458183249     
   3.4000000000000004       0.19806840554803526       0.52698561718116577      -0.34528006638576142      -0.21216885527287266     
   3.5000000000000000       0.18015886920038898       0.49701024595850063      -0.34450746806857568      -0.22200472242476810     
   3.6000000000000001       0.16348594653270651       0.46631262243064497      -0.33953119779499513      -0.22767526284064477     
   3.7000000000000002       0.14802179702396606       0.43541819251908198      -0.33110771078179169      -0.22969430608539032     
   3.8000000000000003       0.13372920240985842       0.40476737474277491      -0.31993293379607812      -0.22857728368162028     
   3.9000000000000004       0.12056347695885407       0.37472167114897481      -0.30663554051498898      -0.22482441484065668     
   4.0000000000000000       0.10847421539445901       0.34557064715615471      -0.29177399858047365      -0.21890856159096667     
   4.1000000000000005        9.7406864757616257E-002  0.31753935402737266      -0.27583652378105317      -0.21126699206360383     
   4.2000000000000002        8.7304114565786711E-002  0.29079586073411534      -0.25924320031187142      -0.20229633863307858     
   4.2999999999999998        7.8107106077006369E-002  0.26545864265145053      -0.24234964521423846      -0.19235010457053539     
   4.4000000000000004        6.9756466437833065E-002  0.24160364297992568      -0.22545170570049872      -0.18173814927852794     
   4.5000000000000000        6.2193177150527204E-002  0.21927087968171616      -0.20879077774619076      -0.17072766123796446     
   4.6000000000000005        5.5359288820027636E-002  0.19847051703436622      -0.19255942199840848      -0.15954520486177493     
   4.7000000000000002        4.9198495719378635E-002  0.17918835780142145      -0.17690702854222928      -0.14837949952368562     
   4.8000000000000007        4.3656584518587435E-002  0.16139074071203768      -0.16194534583763795      -0.13738465435900774     
   4.9000000000000004        3.8681771717027094E-002  0.14502884963263740      -0.14775374202835501      -0.12668364016546096     
   5.0000000000000000        3.4224944045915952E-002  0.13004245663879571      -0.13438410989256955      -0.11637182965217525     
   5.1000000000000005        3.0239815488267541E-002  0.11636313219522532      -0.12186536111350214      -0.10652047961407819     
   5.2000000000000002        2.6683013702916245E-002  0.10391696275487956      -0.11020748246765578       -9.7180063844263670E-002
   5.3000000000000007        2.3514107622501203E-002   9.2626820106752036E-002  -9.9405147088987331E-002  -8.8383394397481427E-002
   5.4000000000000004        2.0695586891702360E-002   8.2414228432371575E-002  -8.9440889216131234E-002  -8.0148491919531509E-002
   5.5000000000000000        1.8192802675858981E-002   7.3200874860489401E-002  -8.0287861714616299E-002  -7.2481183913801123E-002
   5.6000000000000005        1.5973878242846271E-002   6.4909807825072968E-002  -7.1912203024430132E-002  -6.5377423758828962E-002
   5.7000000000000002        1.4009596633331400E-002   5.7466365130792105E-002  -6.4275044742130555E-002  -5.8825333703035408E-002
   5.8000000000000007        1.2273271707824242E-002   5.0798870631428517E-002  -5.7334193426144549E-002  -5.2806982565281185E-002
   5.9000000000000004        1.0740607907436982E-002   4.4839135081025772E-002  -5.1045520934916849E-002  -4.7299914013592119E-002
   6.0000000000000000        9.3895531972227504E-003   3.9522793218656184E-002  -4.5364097101321658E-002  -4.2278444558752112E-002
   6.1000000000000005        8.2001488800205677E-003   3.4789505641024392E-002  -4.0245097164796767E-002  -3.7714752194895264E-002
   6.2000000000000002        7.1543792750168936E-003   3.0583050608901791E-002  -3.5644514407232375E-002  -3.3579777291390098E-002
   6.3000000000000007        6.2360236462828591E-003   2.6851327697803538E-002  -3.1519706092628941E-002  -2.9843957176058249E-002
   6.4000000000000004        5.4305122380670489E-003   2.3546292189097213E-002  -2.7829798266678443E-002  -2.6477815083627721E-002
   6.5000000000000000        4.7247878201053155E-003   2.0623836333604685E-002  -2.4535972361729934E-002  -2.3452422964109872E-002
   6.6000000000000005        4.1071737614150712E-003   1.8043631119126390E-002  -2.1601653971819852E-002  -2.0739756203107328E-002
   6.7000000000000002        3.5672493283812117E-003   1.5768939938038969E-002  -1.8992621680534255E-002  -1.8312956716266288E-002
   6.8000000000000007        3.0957326357660465E-003   1.3766413574678511E-002  -1.6677051488225923E-002  -1.6146519231843865E-002
   6.9000000000000004        2.6843714610866169E-003   1.2005874202226853E-002  -1.4625510223895466E-002  -1.4216413934494659E-002
   7.0000000000000000        2.3258419574009041E-003   1.0460094579004172E-002  -1.2810909356772520E-002  -1.2500157057191730E-002
   7.1000000000000005        2.0136551611335089E-003   9.1045773458695040E-003  -1.1208428849041574E-002  -1.0976839509149312E-002
   7.2000000000000002        1.7420710848165643E-003   7.9173382301561020E-003  -9.7954191124871512E-003  -9.6271222364751798E-003
   7.3000000000000007        1.5060201046826714E-003   6.8786960373228463E-003  -8.5512877409958891E-003  -8.4332057407584867E-003
   7.4000000000000004        1.3010312955843036E-003   5.9710715398215023E-003  -7.4573764771354604E-003  -7.3787800337250849E-003
   7.5000000000000000        1.1231673268813247E-003   5.1787967349872996E-003  -6.4968328214400741E-003  -6.4489602832010409E-003
   7.6000000000000005        9.6896550935964248E-004   4.4879354226757991E-003  -5.6544797933348679E-003  -5.6302125030015266E-003
   7.7000000000000002        8.3538457198580269E-004   3.8861156328812490E-003  -4.9166865881209703E-003  -4.9102728505818274E-003
   7.8000000000000007        7.1975674583893770E-004   3.3623740991319687E-003  -4.2712422305209155E-003  -4.2780634133229257E-003
   7.9000000000000004        6.1974473873861063E-004   2.9070127120005415E-003  -3.7072337878624761E-003  -3.7236067782383865E-003
   8.0000000000000000        5.3330319608377546E-004   2.5114666869749244E-003  -3.2149302617557637E-003  -3.2379411813590760E-003
   8.0999999999999996        4.5864425971069357E-004   2.1681840319863850E-003  -2.7856729137548460E-003  -2.8130376127618291E-003
   8.2000000000000011        3.9420685590328669E-004   1.8705157931550144E-003  -2.4117724867054619E-003  -2.4417199021214411E-003
   8.3000000000000007        3.3862936501358849E-004   1.6126164850693544E-003  -2.0864135490744284E-003  -2.1175885192216241E-003
   8.4000000000000004        2.9072534763497086E-004   1.3893540675295627E-003  -1.8035660054278087E-003  -1.8349485860924453E-003
   8.5000000000000000        2.4946202524822570E-004   1.1962288085034952E-003  -1.5579036743186506E-003  -1.5887424050476885E-003
   8.5999999999999996        2.1394123620527563E-004   1.0293003682948919E-003  -1.3447297280949448E-003  -1.3744866532662699E-003
   8.7000000000000011        1.8338261042359451E-004   8.8512244859867753E-004  -1.1599087114010818E-003  -1.1882142737841617E-003
   8.8000000000000007        1.5710872793347794E-004   7.6068436888954247E-004  -9.9980480111824723E-004  -1.0264209995961252E-003
   8.9000000000000004        1.3453204723114096E-004   6.5335895871229341E-004  -8.6122593563063793E-004  -8.8601637740866454E-004
   9.0000000000000000        1.1514340909278317E-004   5.6085618567578517E-004  -7.4137342175547238E-004  -7.6427910643042868E-004
   9.0999999999999996        9.8501940003259175E-005   4.8118197348707021E-004  -6.3779662017905854E-004  -6.5881647197237948E-004
   9.2000000000000011        8.4226196597389074E-005   4.1260170075554730E-004  -5.4835231207295862E-004  -5.6752763059111889E-004
   9.3000000000000007        7.1986408486705437E-005   3.5360790841276014E-004  -4.7116835845909953E-004  -4.8857049052057633E-004
   9.4000000000000004        6.1497691561166972E-005   3.0289178055429108E-004  -4.0461127798583550E-004  -4.2033192606888902E-004
   9.5000000000000000        5.2514117346195937E-005   2.5931799965177982E-004  -3.4725738654672216E-004  -3.6140106572328572E-004
   9.6000000000000014        4.4823536307440109E-005   2.2190261191685606E-004  -2.9786716239053407E-004  -3.1054539942186929E-004
   9.7000000000000011        3.8243064186703078E-005   1.8979357177964222E-004  -2.5536252205316120E-004  -2.6668945959438124E-004
   9.8000000000000007        3.2615150587235930E-005   1.6225366574269552E-004  -2.1880671481552285E-004  -2.2889584214522826E-004
   9.9000000000000004        2.7804158173886085E-005   1.3864554514951116E-004  -1.8738656585661484E-004  -1.9634834674376540E-004
   10.000000000000000        2.3693389084072637E-005   1.1841862460008802E-004  -1.6039682037094486E-004  -1.6833702995344062E-004
   10.100000000000001        2.0182502529897236E-005   1.0109762784608338E-004  -1.3722636231709641E-004  -1.4424497936391291E-004
   10.200000000000001        1.7185274179260132E-005   8.6272586038831859E-005  -1.1734610191731330E-004  -1.2353663159339566E-004
   10.300000000000001        1.4627653801693976E-005   7.3590114250722684E-005  -1.0029834537293355E-004  -1.0574747150150521E-004
   10.400000000000000        1.2446082916793043E-005   6.2745811332445112E-005  -8.5687478395402104E-005  -9.0474963972740608E-005
   10.500000000000000        1.0586038850124186E-005   5.3477645508950521E-005  -7.3171812024404499E-005  -7.7370583037523100E-005
   10.600000000000001        9.0007757400933675E-006   4.5560203768739584E-005  -6.2456454798403635E-005  -6.6132815782867036E-005
   10.700000000000001        7.6502367021731577E-006   3.8799697182177372E-005  -5.3287089672343037E-005  -5.6501030400330013E-005
   10.800000000000001        6.5001145929505643E-006   3.3029626914284271E-005  -4.5444547177849208E-005  -4.8250108789252977E-005
   10.900000000000000        5.5210416704646441E-006   2.8107026993821153E-005  -3.8740078243747166E-005  -4.1185754367816863E-005
   11.000000000000000        4.6878909602638278E-006   2.3909209978087663E-005  -3.3011240900481054E-005  -3.5140395151504141E-005
   11.100000000000001        3.9791743458544093E-006   2.0330950621554182E-005  -2.8118324849304155E-005  -2.9969610760831274E-005
   11.200000000000001        3.3765243415749425E-006   1.7282050620318719E-005  -2.3941246657703350E-005  -2.5549019850554294E-005
   11.300000000000001        2.8642482059926818E-006   1.4685234561126472E-005  -2.0376856219661167E-005  -2.1771571550876785E-005
   11.400000000000000        2.4289445422065068E-006   1.2474333444287977E-005  -1.7336602165762781E-005  -1.8545190921922887E-005
   11.500000000000000        2.0591738326639053E-006   1.0592717658406121E-005  -1.4744510194739054E-005  -1.5790734192775318E-005
   11.600000000000001        1.7451754923747848E-006   8.9919461387152013E-006  -1.2535433892951883E-005  -1.3440214733564368E-005
   11.700000000000001        1.4786250154736622E-006   7.6306027107553375E-006  -1.0653542576263679E-005  -1.1435265340996604E-005
   11.800000000000001        1.2524256535246940E-006   6.4732943714068853E-006  -9.0510150905060155E-006  -9.7258065507569861E-006
   11.900000000000000        1.0605298154013476E-006   5.4897895483135506E-006  -7.6869123990710184E-006  -8.2688943690434172E-006
   12.000000000000000        8.9778603185129431E-007   4.6542772590738996E-006  -6.5262052214605738E-006  -7.0277240824886274E-006
   12.100000000000001        7.5980789523067107E-007   3.9447306106474775E-006  -5.5389360132148403E-006  -5.9707697007700735E-006
   12.200000000000001        6.4286187718012717E-007   3.3423602796774247E-006  -4.6994972396521988E-006  -5.0710411464843667E-006
   12.300000000000001        5.4377135375697528E-007   2.8311455338576719E-006  -3.9860102334844671E-006  -4.3054435667975901E-006
   12.400000000000000        4.5983453712828134E-007   2.3974320269413150E-006  -3.3797909760595088E-006  -3.6542251326552496E-006
   12.500000000000000        3.8875433274472511E-007   2.0295870556249512E-006  -2.8648909366213673E-006  -3.1005014429280806E-006
   12.600000000000001        3.2857841742642706E-007   1.7177042320936198E-006  -2.4277026731649609E-006  -2.6298461891802147E-006
   12.700000000000001        2.7764807266892881E-007   1.4533506251510341E-006  -2.0566212687370436E-006  -2.2299390857015943E-006
   12.800000000000001        2.3455451368043925E-007   1.2293503765187109E-006  -1.7417538721298901E-006  -1.8902632506587913E-006
   12.900000000000000        1.9810163252427239E-007   1.0395996255262825E-006  -1.4746706529897090E-006  -1.6018452571339725E-006
   13.000000000000000        1.6727422704500847E-007   8.7890829128835783E-007  -1.2481913872384878E-006  -1.3570319748825514E-006
   13.100000000000001        1.4121091929990205E-007   7.4286488086056651E-007  -1.0562026760875503E-006  -1.1492991104454092E-006
   13.200000000000001        1.1918108086831182E-007   6.2772102732916810E-007  -8.9350148558994562E-007  -9.7308703871201213E-007
   13.300000000000001        1.0056518016738731E-007   5.3029292430473036E-007  -7.5566128670297296E-007  -8.2366011552149013E-007
   13.400000000000000        8.4838050930274890E-008   4.4787722247771175E-007  -6.3891758973458890E-007  -6.9698617939233508E-007
   13.500000000000000        7.1554653185507858E-008   3.7817929815588991E-007  -5.4007011197160219E-007  -5.8963340071278274E-007
   13.600000000000001        6.0337960044716055E-008   3.1925210037508863E-007  -4.5639920214839086E-007  -4.9868202729791198E-007
   13.700000000000001        5.0868656773658447E-008   2.6944403864844924E-007  -3.8559447803387173E-007  -4.2164891370610101E-007
   13.800000000000001        4.2876384212060247E-008   2.2735459326164267E-007  -3.2569392064432598E-007  -3.5642301478074927E-007
   13.900000000000000        3.6132297678520230E-008   1.9179651907241217E-007  -2.7503191642519154E-007  -3.0121027740898560E-007
   14.000000000000000        3.0442745961641341E-008   1.6176367623751675E-007  -2.3219495242317232E-007  -2.5448658361464495E-007
   14.100000000000001        2.5643903646421876E-008   1.3640366081767282E-007  -1.9598385356055109E-007  -2.1495758733822623E-007
   14.200000000000001        2.1597214536285289E-008   1.1499452796490486E-007  -1.6538160960812273E-007  -1.8152445054754817E-007
   14.300000000000001        1.8185524892461391E-008   9.6925003116778289E-008  -1.3952597579742854E-007  -1.5325462511691058E-007
   14.400000000000000        1.5309803128950982E-008   8.1677664679231244E-008  -1.1768614823003013E-007  -1.2935694821797772E-007
   14.500000000000000        1.2886357907812632E-008   6.8814657123840092E-008  -9.9242915948021542E-008  -1.0916042340381447E-007
   14.600000000000001        1.0844479650000631E-008   5.7965558026989053E-008  -8.3671777996005338E-008  -9.2096149420579034E-008
   14.700000000000001        9.1244416329031814E-009   4.8817077865701786E-008  -7.0528587997751720E-008  -7.7681936033316426E-008
   14.800000000000001        7.6758063632004285E-009   4.1104318675751752E-008  -5.9437352394256340E-008  -6.5509212526329792E-008
   14.900000000000000        6.4559910297171390E-009   3.4603358107803019E-008  -5.0079863017575975E-008  -5.5231891529821599E-008
   15.000000000000000        5.4290527589297518E-009   2.9124959964665119E-008  -4.2186891380269077E-008  -4.6556899728706338E-008
   15.100000000000001        4.5646602900613711E-009   2.4509241808806928E-008  -3.5530712043414406E-008  -3.9236128948840559E-008
   15.200000000000001        3.8372237066604625E-009   2.0621155417637138E-008  -2.9918756636006004E-008  -3.3059597061105586E-008
   15.300000000000001        3.2251581351642782E-009   1.7346657356515002E-008  -2.5188229353238743E-008  -2.7849638933885256E-008
   15.400000000000000        2.7102609577183896E-009   1.4589465269956106E-008  -2.1201539765682244E-008  -2.3455974024130788E-008
   15.500000000000000        2.2771851801528023E-009   1.2268311118264506E-008  -1.7842430132371556E-008  -1.9751519751648116E-008
   15.600000000000001        1.9129942266197091E-009   1.0314615902873753E-008  -1.5012692650424508E-008  -1.6628839089614535E-008
   15.700000000000001        1.6067856684439411E-009   8.6705217658731519E-009  -1.2629387640637878E-008  -1.3997127291085669E-008
   15.800000000000001        1.3493732947099977E-009   7.2872270061111704E-009  -1.0622486948100328E-008  -1.1779656756261201E-008
   15.900000000000000        1.1330185459430795E-009   6.1235777729768508E-009  -8.9328781601266475E-009  -9.9116110725381709E-009
   16.000000000000000        9.5120370254754374E-010   5.1448771908739178E-009  -7.5106748946873159E-009  -8.3382495246172458E-009
   16.100000000000001        7.9844038279388505E-010   4.3218786133367529E-009  -6.3137866344349831E-009  -7.0133521292113732E-009
   16.199999999999999        6.7010789208513330E-010   3.6299347602447985E-009  -5.3067085830273860E-009  -5.8979027163579496E-009
   16.300000000000001        5.6231680239736617E-010   3.0482787867188573E-009  -4.4594979803797808E-009  -4.9589739441080197E-009
   16.400000000000002        4.7179385067667372E-010   2.5594169807886849E-009  -3.7469083846773421E-009  -4.1687835559388669E-009
   16.500000000000000        3.9578484674454234E-010   2.1486158850447304E-009  -3.1476577422587442E-009  -3.5038958081274306E-009
   16.600000000000001        3.3197279122344920E-010   1.8034692673377949E-009  -2.6438097337094551E-009  -2.9445459253213349E-009
   16.699999999999999        2.7840883601871072E-010   1.5135325971794515E-009  -2.2202510012624596E-009  -2.4740687874670498E-009
   16.800000000000001        2.3345408578207342E-010   1.2700145775006547E-009  -1.8642495105445584E-009  -2.0784158963553027E-009
   16.900000000000002        1.9573054856992541E-010   1.0655168866899279E-009  -1.5650815485341289E-009  -1.7457470890753070E-009
   17.000000000000000        1.6407980612008274E-010   8.9381464665164316E-010  -1.3137167687876566E-009  -1.4660855216560054E-009
   17.100000000000001        1.3752819604969919E-010   7.4967128585932505E-010  -1.1025523152818669E-009  -1.2310261929554034E-009
   17.199999999999999        1.1525748597402657E-010   6.2868244338973110E-010  -9.2518843085320736E-010  -1.0334897623998016E-009
   17.300000000000001        9.6580178283747355E-011   5.2714438738716797E-010  -7.7623912205225910E-010  -8.6751467469707548E-010
   17.400000000000002        8.0918718529260568E-011   4.4194312200562540E-010  -6.5117244066013205E-010  -7.2808167360825078E-010
   17.500000000000000        6.7787993803180449E-011   3.7046094988470283E-010  -5.4617577986319982E-010  -6.1096569378031098E-010
   17.600000000000001        5.6780603376145923E-011   3.1049775901257565E-010  -4.5804229289989078E-010  -5.1261088882828831E-010
   17.699999999999999        4.7554464828998825E-011   2.6020472732394935E-010  -3.8407514322878960E-010  -4.3002520600929534E-010
   17.800000000000001        3.9822387327622665E-011   2.1802849738197358E-010  -3.2200680437697298E-010  -3.6069147058391202E-010
   17.900000000000002        3.3343301446494120E-011   1.8266417702253973E-010  -2.6993105859984920E-010  -3.0249241131500489E-010
   18.000000000000000        2.7914883707421783E-011   1.5301577839930400E-010  -2.2624570820425832E-010  -2.5364745527386444E-010
   18.100000000000001        2.3367355153372479E-011   1.2816292466965739E-010  -1.8960432195209425E-010  -2.1265945606382486E-010
   18.199999999999999        1.9558268002211829E-011   1.0733283671913289E-010  -1.5887559994455162E-010  -1.7826980395901050E-010
   18.300000000000001        1.6368123718998468E-011   8.9876767016231990E-011  -1.3310916106398143E-010  -1.4942060713156213E-010
   18.400000000000002        1.3696690551976333E-011   7.5250178311870586E-011  -1.1150674359561714E-010  -1.2522283676511458E-010
   18.500000000000000        1.1459909410242129E-011   6.2996075166198478E-011  -9.3397967301930195E-011  -1.0492950108061193E-010
   18.600000000000001        9.5872945237009102E-012   5.2730989349577543E-011  -7.8219938419084032E-011  -8.7913058933605067E-011
   18.699999999999999        8.0197501284447732E-012   4.4133198689515223E-011  -6.5500091551904147E-011  -7.3646406753181105E-011
   18.800000000000001        6.7077368941945307E-012   3.6932825177215650E-011  -5.4841757450768108E-011  -6.1686876636931232E-011
   18.900000000000002        5.6097323191589815E-012   3.0903514014651570E-011  -4.5912025862995057E-011  -5.1662771323836333E-011
   19.000000000000000        4.6909381692197725E-012   2.5855442389765234E-011  -3.8431540350859120E-011  -4.3262036021137735E-011
   19.100000000000001        3.9221954925466061E-012   2.1629446478507881E-011  -3.2165919095658979E-011  -3.6222729766937531E-011
   19.200000000000003        3.2790740169036692E-012   1.8092088641610813E-011  -2.6918543901889186E-011  -3.0325011950291760E-011
   19.300000000000001        2.7411080201462248E-012   1.5131514986278414E-011  -2.2524500264795041E-011  -2.5384404294882117E-011
   19.400000000000002        2.2911552109381572E-012   1.2653977222174134E-011  -1.8845485641927197E-011  -2.1246126319344750E-011
   19.500000000000000        1.9148588983284921E-012   1.0580912752909528E-011  -1.5765531967030180E-011  -1.7780334098929154E-011
   19.600000000000001        1.6001968766612810E-012   8.8464937963015939E-012  -1.3187412801603990E-011  -1.4878118984844643E-011
   19.700000000000003        1.3371031000896017E-012   7.3955705149706383E-012  -1.1029626044786825E-011  -1.2448145563825951E-011
   19.800000000000001        1.1171504477370542E-012   6.1819450820487904E-012  -9.2238604148606572E-012  -1.0413827215944113E-011
   19.900000000000002        9.3328475290554536E-013   5.1669236581444337E-012  -7.7128684817506977E-012  -8.7109537071583656E-012
   20.000000000000000        7.7960184379024709E-013   4.3181017132717855E-012  -6.4486812967135943E-012  -7.2856988024475693E-012
