   0.0000000000000000       0.62816116566810221     
   1.0000000000000000       0.62782984905108430     
   2.0000000000000000       0.62683696670834765     
   3.0000000000000000       0.62518571568966985     
   4.0000000000000000       0.62288140619745858     
   5.0000000000000000       0.61993143439403697     
   6.0000000000000000       0.61634524458704820     
   7.0000000000000000       0.61213428104575329     
   8.0000000000000000       0.60731192976978110     
   9.0000000000000000       0.60189345059814592     
   10.000000000000000       0.59589590010953186     
   11.000000000000000       0.58933804582449156     
   12.000000000000000       0.58224027227585406     
   13.000000000000000       0.57462447956483709     
   14.000000000000000       0.56651397506676626     
   15.000000000000000       0.55793335899151353     
   16.000000000000000       0.54890840453956313     
   17.000000000000000       0.53946593342464932     
   18.000000000000000       0.52963368755805729     
   19.000000000000000       0.51944019770776195     
   20.000000000000000       0.50891464995745994     
   21.000000000000000       0.49808675079626547     
   22.000000000000000       0.48698659166930153     
   23.000000000000000       0.47564451381275191     
   24.000000000000000       0.46409097418422363     
   25.000000000000000       0.45235641328067583     
   26.000000000000000       0.44047112561188578     
   27.000000000000000       0.42846513356774829     
   28.000000000000000       0.41636806538287585     
   29.000000000000000       0.40420903786237522     
   30.000000000000000       0.39201654448867629     
   31.000000000000000       0.37981834948128035     
   32.000000000000000       0.36764138832974774     
   33.000000000000000       0.35551167526558691     
   34.000000000000000       0.34345421808145682     
   35.000000000000000       0.33149294064674184     
   36.000000000000000       0.31965061340759815     
   37.000000000000000       0.30794879209758008     
   38.000000000000000       0.29640776482238401     
   39.000000000000000       0.28504650761967792     
   40.000000000000000       0.27388264853290956     
   41.000000000000000       0.26293244017689832     
   42.000000000000000       0.25221074071341115     
   43.000000000000000       0.24173100309728712     
   44.000000000000000       0.23150527239840143     
   45.000000000000000       0.22154419095232109     
   46.000000000000000       0.21185701104323704     
   47.000000000000000       0.20245161477703205     
   48.000000000000000       0.19333454076047202     
   49.000000000000000       0.18451101716474624     
   50.000000000000000       0.17598500071818046     
   51.000000000000000       0.16775922114407305     
   52.000000000000000       0.15983523053541765     
   53.000000000000000       0.15221345713886258     
   54.000000000000000       0.14489326300567701     
   55.000000000000000       0.13787300495775837     
   56.000000000000000       0.13115009831177707     
   57.000000000000000       0.12472108280435515     
   58.000000000000000       0.11858169016557117     
   59.000000000000000       0.11272691279694337     
   60.000000000000000       0.10715107302313780     
   61.000000000000000       0.10184789240378601     
   62.000000000000000        9.6810560612668822E-002
   63.000000000000000        9.2031803415883351E-002
   64.000000000000000        8.7503949308102541E-002
   65.000000000000000        8.3218994396348445E-002
   66.000000000000000        7.9168665153456858E-002
   67.000000000000000        7.5344478698248923E-002
   68.000000000000000        7.1737800295958221E-002
   69.000000000000000        6.8339897810300962E-002
   70.000000000000000        6.5141992877327415E-002
   71.000000000000000        6.2135308610471986E-002
   72.000000000000000        5.9311113685627553E-002
   73.000000000000000        5.6660762694244221E-002
   74.000000000000000        5.4175732691019329E-002
   75.000000000000000        5.1847655900358482E-002
   76.000000000000000        4.9668348582116321E-002
   77.000000000000000        4.7629836091862145E-002
   78.000000000000000        4.5724374203775502E-002
   79.000000000000000        4.3944466795001823E-002
   80.000000000000000        4.2282880018662150E-002
   81.000000000000000        4.0732653118512485E-002
   82.000000000000000        3.9287106061324406E-002
   83.000000000000000        3.7939844183271801E-002
   84.000000000000000        3.6684760063862426E-002
   85.000000000000000        3.5516032855177064E-002
   86.000000000000000        3.4428125305342512E-002
   87.000000000000000        3.3415778723266475E-002
   88.000000000000000        3.2474006136733298E-002
   89.000000000000000        3.1598083898065454E-002
   90.000000000000000        3.0783541990785653E-002
   91.000000000000000        3.0026153287192818E-002
   92.000000000000000        2.9321922000636474E-002
   93.000000000000000        2.8667071567709063E-002
   94.000000000000000        2.8058032184767753E-002
   95.000000000000000        2.7491428210355020E-002
   96.000000000000000        2.6964065630438492E-002
   97.000000000000000        2.6472919767175092E-002
   98.000000000000000        2.6015123394371249E-002
   99.000000000000000        2.5587955404216899E-002
   100.00000000000000        2.5188830150478382E-002
   101.00000000000000        2.4815287573403892E-002
   102.00000000000000        2.4464984191386766E-002
   103.00000000000000        2.4135685024200260E-002
   104.00000000000000        2.3825256492611094E-002
   105.00000000000000        2.3531660319634707E-002
   106.00000000000000        2.3252948439836486E-002
   107.00000000000000        2.2987258905121842E-002
   108.00000000000000        2.2732812758583576E-002
   109.00000000000000        2.2487911832363077E-002
   110.00000000000000        2.2250937411284064E-002
   111.00000000000000        2.2020349691366615E-002
   112.00000000000000        2.1794687951331333E-002
   113.00000000000000        2.1572571345945785E-002
   114.00000000000000        2.1352700222606776E-002
   115.00000000000000        2.1133857856930845E-002
   116.00000000000000        2.0914912499352463E-002
   117.00000000000000        2.0694819622795218E-002
   118.00000000000000        2.0472624261350835E-002
   119.00000000000000        2.0247463331518299E-002
   120.00000000000000        2.0018567830843249E-002
   121.00000000000000        1.9785264813660164E-002
   122.00000000000000        1.9546979049962433E-002
   123.00000000000000        1.9303234281075565E-002
   124.00000000000000        1.9053653994645876E-002
   125.00000000000000        1.8797961651319639E-002
   126.00000000000000        1.8535980306212899E-002
   127.00000000000000        1.8267631579684210E-002
   128.00000000000000        1.7992933943841695E-002
   129.00000000000000        1.7712000303461720E-002
   130.00000000000000        1.7425034862383428E-002
   131.00000000000000        1.7132329278794056E-002
   132.00000000000000        1.6834258124953743E-002
   133.00000000000000        1.6531273678658375E-002
   134.00000000000000        1.6223900084939891E-002
   135.00000000000000        1.5912726937005350E-002
   136.00000000000000        1.5598402335078070E-002
   137.00000000000000        1.5281625490500482E-002
   138.00000000000000        1.4963138950077769E-002
   139.00000000000000        1.4643720522089433E-002
   140.00000000000000        1.4324174990594577E-002
   141.00000000000000        1.4005325708546726E-002
   142.00000000000000        1.3688006162775355E-002
   143.00000000000000        1.3373051605059905E-002
   144.00000000000000        1.3061290843317509E-002
   145.00000000000000        1.2753538285360771E-002
   146.00000000000000        1.2450586324793400E-002
   147.00000000000000        1.2153198154447513E-002
   148.00000000000000        1.1862101087398711E-002
   149.00000000000000        1.1577980459104511E-002
   150.00000000000000        1.1301474176698493E-002
   151.00000000000000        1.1033167973047115E-002
   152.00000000000000        1.0773591413961073E-002
   153.00000000000000        1.0523214697081579E-002
   154.00000000000000        1.0282446270572655E-002
   155.00000000000000        1.0051631288991066E-002
   156.00000000000000        9.8310509127251065E-003
   157.00000000000000        9.6209224463441826E-003
   158.00000000000000        9.4214003002355776E-003
   159.00000000000000        9.2325777491718934E-003
   160.00000000000000        9.0544894510998508E-003
   161.00000000000000        8.8871146796069053E-003
   162.00000000000000        8.7303812143402857E-003
   163.00000000000000        8.5841698252455603E-003
   164.00000000000000        8.4483192789716263E-003
   165.00000000000000        8.3226317892550472E-003
   166.00000000000000        8.2068788276355494E-003
   167.00000000000000        8.1008072065376774E-003
   168.00000000000000        8.0041453436362677E-003
   169.00000000000000        7.9166096145465159E-003
   170.00000000000000        7.8379107002642546E-003
   171.00000000000000        7.7677598364365242E-003
   172.00000000000000        7.7058748734538905E-003
   173.00000000000000        7.6519860594983901E-003
   174.00000000000000        7.6058414630088347E-003
   175.00000000000000        7.5672119564801988E-003
   176.00000000000000        7.5358956900202431E-003
   177.00000000000000        7.5117219905568716E-003
   178.00000000000000        7.4945546309217858E-003
   179.00000000000000        7.4842944221183757E-003
   180.00000000000000        7.4808810917909082E-003
