E l=0 l=1 l=2 l=3
0.5 4.1110773279965462 2.4979486829585281E-003 4.3342277236377087E-007 5.7769054143149435E-011
1.0 3.9716801177679479 9.0068728307319927E-003 6.0681869618266756E-006 3.1222054834067647E-009
1.5 3.8410302872435449 1.8342336591150993E-002 2.6982670094374967E-005 3.0176357288131799E-008
2.0 3.7183208101316469 2.9624620424965584E-002 7.5170593504633704E-005 1.4451248719979994E-007
2.5 3.6028419811605148 4.2197705353930325E-002 1.6231660734552245E-004 4.7185450554492596E-007
3.0 3.4939670960502172 5.5571285808285624E-002 2.9864481730632942E-004 1.2108010469553914E-006
3.5 3.3911405591381505 6.9378776997042715E-002 4.9241559272072749E-004 2.6337347942598152E-006
4.0 3.2938680253654660 8.3346584695203993E-002 7.4980292181982332E-004 5.0804012484236867E-006
4.5 3.2017081139797430 9.7271404399856889E-002 1.0749847667102606E-003 8.9467340042279547E-006
5.0 3.1142654624506156 0.11100330979474285 1.4703428127382137E-003 1.4671190176377354E-005
5.5 3.0311848310752723 0.12443305839141648 1.9367087288090310E-003 2.2720334266524507E-005
6.0 2.9521461133273270 0.13748249803166901 2.4736198723847463E-003 3.3574883196763656E-005
6.5 2.8768600577541465 0.15009727300700476 3.0795636168642676E-003 4.7716981058099554E-005
7.0 2.8050646226412352 0.16224124893997344 3.7521995754319463E-003 6.5619129488857065E-005
7.5 2.7365218182578048 0.17389223154239314 4.4885551583399904E-003 8.7734951918885199E-005
8.0 2.6710149997314598 0.18503866573648275 5.2851935528340742E-003 1.1449180112948668E-004
8.5 2.6083465015815324 0.19567708209371762 6.1383552815761650E-003 1.4628511172375431E-004
9.0 2.5483355981260045 0.20581011599793264 7.0440755701990394E-003 1.8347433632199866E-004
9.5 2.4908167067229834 0.21544496794952048 7.9982802195935690E-003 2.2638027338703129E-004
10.0 2.4356378320155994 0.22459220510469652 8.9968627839317819E-003 2.7528358513258168E-004
10.5 2.3826591824793932 0.23326482797502751 1.0035745747007373E-002 3.3042430877534964E-004
11.0 2.3317519699416622 0.24147754365042390 1.1110928178875178E-002 3.9200217736229463E-004
11.5 2.2827973336951906 0.24924620072486983 1.2218522089946542E-002 4.6017758423777717E-004
12.0 2.2356854015472298 0.25658735078799555 1.3354779428428009E-002 5.3507304497330758E-004
12.5 2.1903144453880610 0.26351790955078408 1.4516111391163142E-002 6.1677503034829946E-004
13.0 2.1465901414282444 0.27005489624449158 1.5699101490302576E-002 7.0533606344157663E-004
13.5 2.1044248977554969 0.27621523484077520 1.6900513567183299E-002 8.0077699102293343E-004
14.0 2.0637372666839080 0.28201560391259622 1.8117295787627424E-002 9.0308935607908141E-004
14.5 2.0244514069738675 0.28747232496095709 1.9346581442989366E-002 1.0122378114778511E-003
15.0 1.9864966111832523 0.29260128099405447 2.0585687272807053E-002 1.1281625276293159E-003
15.5 1.9498068715351222 0.29741785898362411 2.1832109872965515E-002 1.2507815568883255E-003
16.0 1.9143204975247081 0.30193691104487635 2.3083520670016951E-002 1.3799931265345237E-003
16.5 1.8799797631515727 0.30617273030392911 2.4337759837733057E-002 1.5156778394015945E-003
17.0 1.8467305954295237 0.31013903820001049 2.5592829477747710E-002 1.6577007671067774E-003
17.5 1.8145222832002799 0.31384898070431727 2.6846886300269619E-002 1.8059134262676253E-003
18.0 1.7833072246676607 0.31731513129601541 2.8098234021596093E-002 1.9601556314065359E-003
18.5 1.7530406848887687 0.32054949921387876 2.9345315623374155E-002 2.1202572220254084E-003
19.0 1.7236866746199893 0.32356358112270739 3.0586706751067637E-002 2.2860396695133585E-003
19.5 1.6951872673453596 0.32636817768957860 3.1821102308181914E-002 2.4573175263018707E-003
20.0 1.6675180071678726 0.32897377035758896 3.3047319395775883E-002 2.6338998316008484E-003
20.5 1.6406435885769446 0.33139025672714845 3.4264281788804120E-002 2.8155913119934728E-003
21.0 1.6145544957798694 0.33362722607692613 3.5471020641127525E-002 3.0021935503407333E-003
21.5 1.5891705097001079 0.33569327628312529 3.6666646087815627E-002 3.1935058877782417E-003
22.0 1.5644868969204171 0.33759709647745495 3.7850373856942190E-002 3.3893265283189218E-003
22.5 1.5404754972542214 0.33934677267060243 3.9021496698362142E-002 3.5894532448560493E-003
23.0 1.5171096468407224 0.34094998714693059 4.0179384293814881E-002 3.7936841517242615E-003
23.5 1.4943856191140801 0.34241422173051306 4.1323484375081473E-002 4.0018184093332642E-003
24.0 1.4722355425003728 0.34374603548933558 4.2453290750785272E-002 4.2136566302829288E-003
24.5 1.4506590849460519 0.34495220058096682 4.3568379121095076E-002 4.4290016644103845E-003
25.0 1.4296346462496876 0.34603897002291489 4.4668375001810930E-002 4.6476588695069428E-003
25.5 1.4091416969166612 0.34701228283833729 4.5752956391306270E-002 4.8694365493852686E-003
26.0 1.3891806367285580 0.34787797670971793 4.6821858073447832E-002 5.0941463591133674E-003
26.5 1.3696924210918624 0.34864101301924977 4.7874834220885697E-002 5.3216033292274043E-003
27.0 1.3506799355390464 0.34930668193206310 4.8911705796658406E-002 5.5516265117149348E-003
27.5 1.3321263248224675 0.34987981926062639 4.9932322987231242E-002 5.7840389167237759E-003
28.0 1.3140155215238614 0.35036501972575695 5.0936570800299924E-002 6.0186677486336283E-003
28.5 1.2963321981264764 0.35076664954926051 5.1924366208887948E-002 6.2553445407352399E-003
29.0 1.2790617273770220 0.35108885834618664 5.2895655494650112E-002 6.4939052614274044E-003
29.5 1.2622078052555081 0.35133579541782667 5.3850421632826335E-002 6.7341904875138272E-003
30.0 1.2457213027191525 0.35151079778458849 5.4788642316187693E-002 6.9760450777531409E-003
30.5 1.2296075945411229 0.35161763858442413 5.5710347758407178E-002 7.2193187793601950E-003
31.0 1.2138544773608169 0.35165970840940219 5.6615578468372001E-002 7.4638658598746013E-003
31.5 1.1984502724982236 0.35164023216054074 5.7504393551091847E-002 7.7095451992344613E-003
32.0 1.1833838003610608 0.35156227766051346 5.8376869002708408E-002 7.9562202738929916E-003
32.5 1.1686443514153892 0.35142876381365251 5.9233096132496894E-002 8.2037591243731781E-003
33.0 1.1542376668408134 0.35124268365779843 6.0073191884453009E-002 8.4520344501492622E-003
33.5 1.1401215598049752 0.35100624785592704 6.0897250098795958E-002 8.7009230130693470E-003
34.0 1.1263029494182635 0.35072219083385520 6.1705411718024704E-002 8.9503063928957505E-003
34.5 1.1127727794673763 0.35039290880966828 6.2497815727351975E-002 9.2000703738667911E-003
35.0 1.0995223570734396 0.35002068364057981 6.3274610124838204E-002 9.4501050066223176E-003
35.5 1.0865433329901217 0.34960768867371456 6.4035950934386812E-002 9.7003045277207524E-003
36.0 1.0738276861613092 0.34915599424080618 6.4782001289396929E-002 9.9505672750937121E-003
36.5 1.0613823693704676 0.34866779936469317 6.5512944621971589E-002 1.0200795788764368E-002
37.0 1.0491703777634029 0.34814452875220181 6.6228927518210495E-002 1.0450895962693132E-002
37.5 1.0371995168126948 0.34758820233940052 6.6930143906235501E-002 1.0700778086733202E-002
38.0 1.0254629247029818 0.34700052782011143 6.7616777552614624E-002 1.0950355994353709E-002
38.5 1.0139539956747310 0.34638313327778447 6.8289015722443808E-002 1.1199547154645294E-002
39.0 1.0026663692181292 0.34573757113798048 6.8947048621474910E-002 1.1448272576254056E-002
39.5 0.99159391749111980 0.34506532190507894 6.9591068881816029E-002 1.1696456708133043E-002
40.0 0.98074423898457075 0.34436803491116574 7.0221287591913817E-002 1.1944027600639980E-002
40.5 0.97008442319026134 0.34364658113209184 7.0837867623788381E-002 1.2190915778118348E-002
41.0 0.95962270218445367 0.34290248469171408 7.1441022926846939E-002 1.2437055686146099E-002
41.5 0.94935378060371312 0.34213697199897286 7.2030951481259459E-002 1.2682384565869847E-002
42.0 0.93927254995619536 0.34135121344706015 7.2607851682409255E-002 1.2926842618730346E-002
42.5 0.92937407852860154 0.34054632614080171 7.3171922048928417E-002 1.3170372909324110E-002
43.0 0.91965360524583806 0.33972337643856509 7.3723360931341714E-002 1.3412921276972573E-002
43.5 0.91010653119126106 0.33888338238977833 7.4262366270863342E-002 1.3654436241125589E-002
44.0 0.90072841377939128 0.33802731601644820 7.4789135356214148E-002 1.3894868916968806E-002
44.5 0.89152706468135556 0.33715634920490056 7.5303883296877441E-002 1.4134173263383992E-002
45.0 0.88247395787844307 0.33627087950564000 7.5806767937229000E-002 1.4372304641441118E-002
45.5 0.87357735353082877 0.33537199870907936 7.6298002324562228E-002 1.4609221767189338E-002
46.0 0.86483336994726789 0.33446051550130401 7.6777779250812528E-002 1.4844885273875383E-002
46.5 0.85623825119214170 0.33353720239807017 7.7246290000485399E-002 1.5079257968931732E-002
47.0 0.84778836293145210 0.33260279742085130 7.7703724212962663E-002 1.5312304758587351E-002
47.5 0.83948018682927206 0.33165800569008708 7.8150269781553539E-002 1.5543992570359643E-002
48.0 0.83131031642024222 0.33070350094901640 7.8586112740331587E-002 1.5774290281313538E-002
48.5 0.82328648403932236 0.32974017709128700 7.9011458230943271E-002 1.6003169081247621E-002
49.0 0.81538329694967748 0.32876814783160802 7.9426446060995276E-002 1.6230600657591052E-002
49.5 0.80760882506396903 0.32778825250514509 7.9831277450546259E-002 1.6456559745751557E-002
50.0 0.79996006667391972 0.32680105302005352 8.0226130237100707E-002 1.6681022319709537E-002
