  0.10000000000000001        1.8370687263972865E-002
  0.20000000000000001        6.6610896933048613E-002
  0.30000000000000004       0.12791826448546234     
  0.40000000000000002       0.18399957184946258     
  0.50000000000000000       0.22224962077444055     
  0.60000000000000009       0.23821546644341976     
  0.70000000000000007       0.23396947179406213     
  0.80000000000000004       0.21492585564642322     
  0.90000000000000002       0.18711191023449378     
   1.0000000000000000       0.15561462861843045     
   1.1000000000000001       0.12405163050472882     
   1.2000000000000002        9.4643585483408607E-002
   1.3000000000000000        6.8528649617891665E-002
   1.4000000000000001        4.6108378557804260E-002
   1.5000000000000000        2.7334689854652466E-002
   1.6000000000000001        1.1916409834702549E-002
   1.7000000000000002       -5.4565018658694800E-004
   1.8000000000000000       -1.0477260385245888E-002
   1.9000000000000001       -1.8285841616519961E-002
   2.0000000000000000       -2.4338682728745713E-002
   2.1000000000000001       -2.8954957318017140E-002
   2.2000000000000002       -3.2405430351156179E-002
   2.3000000000000003       -3.4916065981158144E-002
   2.4000000000000004       -3.6673296674325770E-002
   2.5000000000000000       -3.7829697560040051E-002
   2.6000000000000001       -3.8509410490109690E-002
   2.7000000000000002       -3.8813015414020616E-002
   2.8000000000000003       -3.8821745693467538E-002
   2.9000000000000004       -3.8601049924272497E-002
   3.0000000000000000       -3.8203554230701216E-002
   3.1000000000000001       -3.7671499511109499E-002
   3.2000000000000002       -3.7038731936316044E-002
   3.3000000000000003       -3.6332320437788425E-002
   3.4000000000000004       -3.5573866694215590E-002
   3.5000000000000000       -3.4780563816145769E-002
   3.6000000000000001       -3.3966050871897017E-002
   3.7000000000000002       -3.3141102212144620E-002
   3.8000000000000003       -3.2314183458598038E-002
   3.9000000000000004       -3.1491900039398661E-002
   4.0000000000000000       -3.0679359194690174E-002
   4.1000000000000005       -2.9880462314020771E-002
   4.2000000000000002       -2.9098141167636257E-002
   4.2999999999999998       -2.8334548928315530E-002
   4.4000000000000004       -2.7591214735471464E-002
   4.5000000000000000       -2.6869168831335034E-002
   4.6000000000000005       -2.6169043918708907E-002
   4.7000000000000002       -2.5491157284044188E-002
   4.8000000000000007       -2.4835577343892898E-002
   4.9000000000000004       -2.4202177563113516E-002
   5.0000000000000000       -2.3590680124190647E-002
