    0.1000       NaN
    0.2000       NaN
    0.3000       NaN
    0.4000       NaN
    0.5000       NaN
    0.6000       NaN
    0.7000       NaN
    0.8000       NaN
    0.9000       NaN
    1.0000    0.0171
    1.1000    0.0261
    1.2000    0.0309
    1.3000    0.0340
    1.4000    0.0361
    1.5000    0.0376
    1.6000    0.0387
    1.7000    0.0395
    1.8000    0.0402
    1.9000    0.0407
    2.0000    0.0411
    2.1000    0.0414
    2.2000    0.0416
    2.3000    0.0418
    2.4000    0.0420
    2.5000    0.0422
    2.6000    0.0423
    2.7000    0.0424
    2.8000    0.0425
    2.9000    0.0426
    3.0000    0.0427
    3.1000    0.0427
    3.2000    0.0428
    3.3000    0.0428
    3.4000    0.0429
    3.5000    0.0429
    3.6000    0.0430
    3.7000    0.0430
    3.8000    0.0430
    3.9000    0.0430
    4.0000    0.0431
    4.1000    0.0431
    4.2000    0.0431
    4.3000    0.0431
    4.4000    0.0431
    4.5000    0.0432
    4.6000    0.0432
    4.7000    0.0432
    4.8000    0.0432
    4.9000    0.0432
    5.0000    0.0432
