  0.10000000000000001       -3.0550036162651688E-003
  0.20000000000000001       -1.1965613096773435E-002
  0.30000000000000004       -2.6028394787745539E-002
  0.40000000000000002       -4.4244284150436491E-002
  0.50000000000000000       -6.5504845114791030E-002
  0.60000000000000009       -8.8752104358045286E-002
  0.70000000000000007      -0.11308009462677143     
  0.80000000000000004      -0.13777645043009146     
  0.90000000000000002      -0.16232010702493141     
   1.0000000000000000      -0.18635495357140838     
   1.1000000000000001      -0.20965508664854995     
   1.2000000000000002      -0.23209106365969234     
   1.3000000000000000      -0.25360143356852038     
   1.4000000000000001      -0.27417063106656503     
   1.5000000000000000      -0.29381272834191152     
   1.6000000000000001      -0.31255995404844533     
   1.7000000000000002      -0.33045482815310867     
   1.8000000000000000      -0.34754491776504365     
   1.9000000000000001      -0.36387943519494903     
   2.0000000000000000      -0.37950710089097334     
   2.1000000000000001      -0.39447485934349885     
   2.2000000000000002      -0.40882716015856008     
   2.3000000000000003      -0.42260560735253422     
   2.4000000000000004      -0.43584884338428170     
   2.5000000000000000      -0.44859257866721769     
   2.6000000000000001      -0.46086970753579798     
   2.7000000000000002      -0.47271047184219139     
   2.8000000000000003      -0.48414264742801622     
   2.9000000000000004      -0.49519173746036377     
   3.0000000000000000      -0.50588116316489729     
   3.1000000000000001      -0.51623244602726381     
   3.2000000000000002      -0.52626537856458411     
   3.3000000000000003      -0.53599818209019434     
   3.4000000000000004      -0.54544765120609950     
   3.5000000000000000      -0.55462928525455024     
   3.6000000000000001      -0.56355740736448634     
   3.7000000000000002      -0.57224527200762654     
   3.8000000000000003      -0.58070516188622545     
   3.9000000000000004      -0.58894847524612015     
   4.0000000000000000      -0.59698580437350934     
   4.1000000000000005      -0.60482700631382491     
   4.2000000000000002      -0.61248126646055334     
   4.2999999999999998      -0.61995715588704381     
   4.4000000000000004      -0.62726268298551147     
   4.5000000000000000      -0.63440534007773242     
   4.6000000000000005      -0.64139214551489232     
   4.7000000000000002      -0.64822968172473716     
   4.8000000000000007      -0.65492412969512870     
   4.9000000000000004      -0.66148130018086460     
   5.0000000000000000      -0.66790666208852800     
