40 -0.500000
40 -0.125000
40 -0.055556
40 -0.031250
40 -0.019997
40 -0.013555
40 -0.007258
40  0.001191
40  0.011953
40  0.025062
40  0.040646
40  0.058907
40  0.080119
40  0.104628
40  0.132863
40  0.165356
40  0.202762
40  0.245893
40  0.295756
40  0.353612
40  0.421053
40  0.500109
40  0.593395
40  0.704329
40  0.837438
40  0.998822
40  1.196851
40  1.443256
40  1.754890
40  2.156651
40  2.686573
40  3.405085
40  4.412902
40  5.888069
40  8.169766
40 11.970728
40 19.005121
40 34.304426
40 78.416143
40320.168260
