40 -0.500000
40 -0.125000
40 -0.055556
40 -0.031240
40 -0.018986
40 -0.006288
40  0.011133
40  0.033381
40  0.060538
40  0.092866
40  0.130772
40  0.174792
40  0.225603
40  0.284042
40  0.351136
40  0.428144
40  0.516612
40  0.618445
40  0.736007
40  0.872251
40  1.030903
40  1.216706
40  1.435774
40  1.696085
40  2.008203
40  2.386351
40  2.850035
40  3.426581
40  4.155210
40  5.093836
40  6.330853
40  8.006592
40 10.354718
40 13.787892
40 19.091326
40 27.912835
40 44.209196
40 79.571631
40181.211776
40735.424840
