50 -0.500000
50 -0.125000
50 -0.055556
50 -0.031250
50 -0.020000
50 -0.013875
50 -0.009704
50 -0.004959
50  0.001243
50  0.008892
50  0.017979
50  0.028546
50  0.040665
50  0.054439
50  0.069994
50  0.087485
50  0.107097
50  0.129049
50  0.153600
50  0.181055
50  0.211774
50  0.246186
50  0.284798
50  0.328219
50  0.377175
50  0.432548
50  0.495409
50  0.567067
50  0.649141
50  0.743648
50  0.853123
50  0.980791
50  1.130805
50  1.308579
50  1.521279
50  1.778552
50  2.093628
50  2.485039
50  2.979393
50  3.615983
50  4.454796
50  5.591100
50  7.183579
50  9.512589
50 13.111845
50 19.101988
50 30.175687
50 54.227358
50123.446002
50501.658886
