50 -0.500000
50 -0.125000
50 -0.055556
50 -0.031250
50 -0.019917
50 -0.011986
50 -0.001937
50  0.011223
50  0.027404
50  0.046620
50  0.068967
50  0.094603
50  0.123739
50  0.156633
50  0.193602
50  0.235018
50  0.281321
50  0.333029
50  0.390751
50  0.455200
50  0.527220
50  0.607808
50  0.698148
50  0.799654
50  0.914020
50  1.043292
50  1.189957
50  1.357058
50  1.548352
50  1.768516
50  2.023432
50  2.320578
50  2.669576
50  3.082967
50  3.577350
50  4.175053
50  4.906684
50  5.815102
50  6.961805
50  8.437566
50 10.380878
50 13.011544
50 16.695420
50 22.078358
50 30.388753
50 44.203138
50 69.704609
50124.992666
50283.713183
50**********
