   1.0000000000000000E-002                       NaN                       NaN                       NaN                       NaN
  0.16070351758793969        1.6532326455244822E-013   1.0627311630326321E-012   5.6728599526532256E-008   1.2347828875909034E-003
  0.31140703517587937        3.1570040093983812E-013   1.9098201182712312E-010   1.5878492735175499E-005  0.11241055824327337     
  0.46211055276381896        4.0787501345834703E-013   1.3129381224934013E-008   6.1004149635080559E-004   1.4415414728063303     
  0.61281407035175872        3.7261605357449398E-013   3.4716984356105585E-007   8.3490305812694548E-003   6.6141934240396125     
  0.76351758793969837        1.5483781907293138E-012   4.7950272828662982E-006   5.9849884779380073E-002   15.426931418628472     
  0.91422110552763813        6.5529852935524404E-011   4.7739997647466332E-005  0.31155876366460317        24.171060043489742     
   1.0649246231155778        7.1976922045776385E-010   2.8725103833353511E-004  0.98493205882454116        19.542988341661516     
   1.2156281407035177        4.1591164984568434E-009   1.3248645225762848E-003   2.3809392901736937        8.3334542049434344     
   1.3663316582914573        2.9303489876215576E-008   5.4848935782179269E-003   5.1192937663972122       0.77577589318335982     
   1.5170351758793967        1.2881654374411772E-007   1.6865445627427388E-002   8.0477574054657381        1.2676160021849967     
   1.6677386934673366        5.8076867349570007E-007   4.9220893808243960E-002   11.706290762813882        6.4087144769536266     
   1.8184422110552758        2.0063036387599978E-006  0.11410783041854364        13.024464630731281        8.2629541666067432     
   1.9691457286432157        6.7789605394203027E-006  0.25794845427733504        13.356650334691556        5.8441706409497414     
   2.1198492462311553        2.0772222585610337E-005  0.52673201975456152        11.347056715849975        1.6658419072233048     
   2.2705527638190954        5.3096822706520694E-005  0.89970914461468388        6.9898358297184728        1.1588273480324341E-002
   2.4212562814070346        1.3593193341691711E-004   1.5382958629794479        3.2816555500750897        1.7438067324514115     
   2.5719597989949743        2.9949220051912425E-004   2.2560625930517584       0.63827192504507568        4.0891223763242142     
   2.7226633165829144        6.6925686832891226E-004   3.3417131292744608        3.0822365771943989E-002   4.9391977785544725     
   2.8733668341708540        1.4093116790328544E-003   4.6408698471654315        1.1451321138141599        3.5487014728335478     
   3.0240703517587932        2.6165393701329900E-003   5.6443959349212136        2.9745828378903054        1.2114244223116588     
   3.1747738693467333        4.9556377058681813E-003   6.9418851281838894        4.7360112619567882        3.6051172780205899E-002
   3.3254773869346730        8.9886560318099135E-003   8.0858554412268404        5.5554226883185134       0.49654332439431731     
   3.4761809045226131        1.4612036361916842E-002   8.3249048674312256        4.7931494024468506        1.8532164821944748     
   3.6268844221105523        2.4512033291938729E-002   8.6935052238707229        3.4886942349335550        3.0564692939669391     
   3.7775879396984915        3.9700211669472928E-002   8.5771885430170460        1.8589050203578150        3.2394359706976954     
   3.9282914572864320        5.8294725635534186E-002   7.4630456872249002       0.51557220765759859        2.2177206843021606     
   4.0789949748743721        8.9041279546588484E-002   6.5158900370257724        5.2511932887426543E-003   1.0117502307214266     
   4.2296984924623109       0.13110054808448995        5.2248934554240600       0.30353577333088111       0.14708194054689835     
   4.3804020100502505       0.17763501483075403        3.6024908162893223        1.1256422778945481        6.6168396062293966E-002
   4.5311055276381911       0.25028958224173514        2.3328492877998461        2.1562699066525939       0.67428644343085897     
   4.6818090452261307       0.34257156585736859        1.2382998654951671        2.9673510195041746        1.5453252135631430     
   4.8325125628140704       0.43487445579290346       0.43272091670855251        3.1245491109589745        2.0747213811623362     
   4.9832160804020100       0.57214477021643773        5.1270303297855091E-002   2.9155790766385783        2.1830484217855441     
   5.1339195979899488       0.73964015550587303        3.8746915302374667E-002   2.2848871050881505        1.7753496917528617     
   5.2846231155778893       0.93886969553506705       0.35749732623461727        1.4481979843904760        1.0723897892473913     
   5.4353266331658290        1.1086420618603898       0.87881665971638645       0.62788914614934443       0.37889816676504096     
   5.5860301507537686        1.3609276667297310        1.5575234872469319       0.13631072146490358        2.9459173353172250E-002
   5.7367336683417083        1.6559191602151158        2.2791935417271798        4.2754541434825398E-003   7.5202541047981367E-002
   5.8874371859296479        1.9585542712828810        2.8935262285933780       0.22979690976369646       0.45386506719894859     
   6.0381407035175876        2.1870214852062668        3.1976377955687201       0.68147985228499641       0.93844089743799675     
   6.1888442211055263        2.5377267924000355        3.4432506727569319        1.2497218133035968        1.3895453290453887     
   6.3395477386934669        2.9053532164542792        3.4599956047810525        1.7672437787552178        1.6235083390146594     
   6.4902512562814065        3.3079159302005783        3.2811873893546313        2.1232396926798827        1.5850096892673109     
   6.6409547738693462        3.5066441809318785        2.7466289797714096        2.1049446461864862        1.2194963108160097     
   6.7916582914572858        3.8831644156119656        2.2645916430013351        1.9585729027901786       0.80595971956742163     
   6.9423618090452255        4.2512397291804298        1.7205417061938328        1.6163318135748188       0.39337802877686234     
   7.0930653266331651        4.6145910539134309        1.1820017423658540        1.1656627022404813       0.10136126447696070     
   7.2437688442211048        4.7346765053236091       0.67079710673423631       0.66926684673590964        1.5583519400428517E-005
   7.3944723618090435        5.0513132421204974       0.31433407195161472       0.29982941958940373        9.5546225432713058E-002
   7.5451758793969832        5.3396994152176012        8.6429660027456251E-002   6.6426989819050111E-002  0.34122949895024346     
   7.6958793969849237        5.5785836200676950        7.0985608619484404E-004   1.3084162075789093E-003  0.65821103780354162     
   7.8465829145728634        5.5471649293328538        5.2333319118459641E-002   9.7880690061350195E-002  0.92062303571733128     
   7.9972864321608030        5.7153678574871360       0.22187772929247246       0.32322165552646381        1.1257550281859434     
   8.1479899497487445        5.8484473859668249       0.48401298665548476       0.62850778139714902        1.2026895632708525     
   8.2986934673366832        5.9438034782745337       0.80723292757480480       0.95661034576951454        1.1412060918091320     
   8.4493969849246220        5.9990903640408675        1.1571262892298015        1.2520043935242302       0.96250043784735617     
   8.6001005025125625        5.7654290890091549        1.4379703029075890        1.4088286834083286       0.68169555349791733     
   8.7508040201005013        5.7437617039434601        1.7316453886644176        1.5155223761672085       0.42421613795410340     
   8.9015075376884418        5.6857310771342808        1.9667160841914839        1.5098169332909706       0.20130559881916471     
   9.0522110552763824        5.6012177436406283        2.1298283419154989        1.4006106609481812        5.2706550604417562E-002
   9.2029145728643211        5.4824065172581955        2.2084980206747096        1.2059084596797915        2.6076735308640259E-005
   9.3536180904522617        5.1348191656193425        2.1193842286713331       0.92084743995385532        4.4018730905151182E-002
   9.5043216080401987        4.9614493579433869        2.0330350097422318       0.66105451185516928       0.16768655339862487     
   9.6550251256281410        4.7781881355269045        1.8841776298954560       0.41662364956050796       0.34431856527722293     
   9.8057286432160815        4.5815459392856539        1.6836057056294194       0.21384996183836597       0.54096013247663632     
   9.9564321608040185        4.3698021926761905        1.4454703110016516        7.2882350708231902E-002  0.72390738210939609     
   10.107135678391959        3.9926524852758276        1.1431654543092589        5.3069936108379465E-003  0.83274133640407810     
   10.257839195979898        3.7711268562603735       0.89200860164429996        1.3632801415957073E-002  0.90968050047308480     
   10.408542713567838        3.5493790002943379       0.65400535705958696        8.9418484476478405E-002  0.92062238596932378     
   10.559246231155777        3.3262134171139297       0.44101582153504615       0.22051120438132724       0.86673164785550216     
   10.709949748743718        3.1042789030645062       0.26340974438183007       0.39029560529034762       0.75882897963691309     
   10.860653266331658        2.7784700219044471       0.12381209003860481       0.55834004983853225       0.59114587043278399     
   11.011356783919597        2.5737963895848708        3.9479059462325147E-002  0.74185071098169275       0.43578894967517962     
   11.162060301507537        2.3739530518716467        2.1201607343432727E-003  0.90887054092672848       0.28404043773634241     
   11.312763819095476        2.1816942542940829        1.0838245093013284E-002   1.0458478547177892       0.15395416916188384     
   11.463467336683417        1.9980637054700570        6.2555177285101363E-002   1.1427874475847422        5.9181837812265686E-002
   11.614170854271356        1.8237058084877702       0.15251192098507407        1.1938462160416130        8.1689317128914880E-003
   11.764874371859296        1.5991765927357122       0.26479501150229823        1.1541581119578488        3.6883404355211725E-003
   11.915577889447235        1.4498014750277655       0.40702371751914107        1.1136489966659127        4.2247926336566211E-002
   12.066281407035174        1.3232974567354097       0.57243633810576489        1.0450601924438001       0.11822957753090160     
   12.216984924623116        1.1801955147028174       0.73696756233951211       0.92486929810969376       0.21850603531596721     
   12.367688442211053        1.0604822096567970       0.91152715353848668       0.79389948821463974       0.33541113186266674     
   12.518391959798993       0.91651003204890646        1.0456718910683753       0.62802624297038712       0.43975535453465142     
   12.669095477386934       0.81885197610840244        1.2049477715453916       0.48824194725851028       0.54868941609405564     
   12.819798994974873       0.72924247491299654        1.3520278360637621       0.35498723736454862       0.64083874417985720     
   12.970502512562813       0.64721945976139961        1.4827904214737397       0.23594192302118763       0.70891428969654313     
   13.121206030150752       0.57317877220288016        1.5962445058781372       0.13754668342687681       0.74929369559317471     
   13.271909547738693       0.50727698861833992        1.6932295520301748        6.4117302895969119E-002  0.76136599455825016     
   13.422613065326633       0.43108651791170477        1.7036568724225873        1.7302887826958088E-002  0.71648681968640182     
   13.573316582914572       0.37904912868432539        1.7546765614120650        2.1864545130921879E-004  0.67358057969893315     
   13.724020100502509       0.33230577037972536        1.7848212577769851        1.0028573304358711E-002  0.60931371563797765     
   13.874723618090449       0.29047613257607618        1.7948930792378652        4.4879459538093788E-002  0.52929395213945785     
   14.025427135678388       0.25350723374903361        1.7884623962879880       0.10195481846138284       0.44034295631561032     
   14.176130653266329       0.22070357779111544        1.7655005773128349       0.17763312017476243       0.34817081641180458     
   14.326834170854269       0.18552409376444629        1.6722754408657696       0.25919965480308199       0.25040444246599169     
   14.477537688442208       0.16091353316635132        1.6250417867381173       0.35665827617345197       0.17173856845619276     
   14.628241206030149       0.14215399599408060        1.5999861503824724       0.46954664194947621       0.10707291910427533     
   14.778944723618086       0.12027630865833400        1.5014925619965533       0.56527968089913772        5.3055619405209878E-002
   14.929648241206026       0.10344244148088444        1.4258953481077710       0.66741551262095422        1.8251774490438667E-002
   15.080351758793965        8.8951234086293837E-002   1.3483051869560441       0.76563070647917186        1.5915732926701390E-003
   15.231055276381905        7.3925492106619153E-002   1.2274565226586593       0.82910015404688897        2.8508897061917914E-003
   15.381758793969846        6.3377160014549863E-002   1.1485831408098661       0.90805646085150149        2.0732123168875499E-002
   15.532462311557785        5.4131639639128794E-002   1.0671939164301445       0.97426785240560798        5.3527961295088355E-002
   15.683165829145725        4.6279166338283245E-002  0.98941388312570255        1.0311576765146335        9.9341749151034303E-002
   15.833869346733666        3.9354408469766761E-002  0.90972161648232452        1.0717634366774027       0.15511790924729060     
   15.984572864321605        3.3464359604159083E-002  0.83410226058736670        1.1014114175526333       0.21866548663424887     
   16.135276381909545        2.8399514873707982E-002  0.76126915116777016        1.1183182012796018       0.28697878706706620     
   16.285979899497484        2.3335886896975324E-002  0.67108138337895051        1.0895218679485241       0.34664572407739064     
   16.436683417085423        1.9743699912915389E-002  0.60770801996374701        1.0840326215364200       0.41470680133696763     
   16.587386934673365        1.6676695317462801E-002  0.54819859191334208        1.0687864597692120       0.48024688200544896     
   16.738090452261304        1.4063822162032712E-002  0.49270672008729793        1.0449406014041713       0.54142338815362234     
   16.888793969849242        1.1843387715483841E-002  0.44132685501578034        1.0137957631763082       0.59679071312732679     
   17.039497487437185        9.9563163424669435E-003  0.39388335799594010       0.97621954404972899       0.64498942905350454     
   17.190201005025120        8.1138242963844625E-003  0.34017627568322334       0.90640201101409901       0.66533911546413549     
   17.340904522613062        6.8009487831110658E-003  0.30166085319052821       0.86128532291569626       0.69638483290718622     
   17.491608040201001        5.6923891821115099E-003  0.26669255285743132       0.81346164815185507       0.71914704599346568     
   17.642311557788943        4.7589528902432831E-003  0.23513777193190405       0.76407145528255438       0.73387171484726743     
   17.793015075376882        3.9731990874802290E-003  0.20672981412570965       0.71380156686092477       0.74070562814327912     
   17.943718592964821        3.3273705091202564E-003  0.18205375674906132       0.66633899363366378       0.74337747893095085     
   18.094422110552763        2.7870963939849733E-003  0.16013839699360474       0.61993053708559709       0.74029740119924703     
   18.245125628140702        2.2289894390607368E-003  0.13431678976580222       0.54881375833727530       0.69878134648982937     
   18.395829145728641        1.8492656805434884E-003  0.11672321177488415       0.50240220336744801       0.67966840686324936     
   18.546532663316576        1.5336998408089781E-003  0.10127732718449858       0.45836324486451974       0.65676382586483950     
   18.697236180904522        1.2706869871978920E-003   8.7684693684457499E-002  0.41655649859513344       0.63034776008368365     
   18.847939698492461        1.0516009838234333E-003   7.5747859268224763E-002  0.37710605689071391       0.60109183641592445     
   18.998643216080396        8.6900545291616004E-004   6.5270609705352825E-002  0.34000243886948395       0.56949767478221980     
   19.149346733668342        7.1721174773809566E-004   5.6115006632850017E-002  0.30540648458662528       0.53637452813138742     
   19.300050251256280        5.7519613816011002E-004   4.6834145036276392E-002  0.26594632140078539       0.48874917562185832     
   19.450753768844216        4.7459190338017845E-004   4.0177074729348977E-002  0.23772287473858661       0.45630176428940716     
   19.601457286432161        3.8957233680525424E-004   3.4258682809820008E-002  0.21095207746436129       0.42218032665775623     
   19.752160804020097        3.2009841416819350E-004   2.9215802905377210E-002  0.18699893003772938       0.38956634759663022     
   19.902864321608035        2.6273653891705368E-004   2.4868223143993971E-002  0.16526783681472088       0.35784928788566878     
   20.053567839195978        2.1546763416669404E-004   2.1132196601744906E-002  0.14566275722896072       0.32735019372670687     
   20.204271356783917        1.7654701424315731E-004   1.7927491016931110E-002  0.12803912025114864       0.29824924727112040     
   20.354974874371855        1.4059082084109779E-004   1.4769931471615752E-002  0.10919391932782298       0.26330765367371767     
   20.505678391959794        1.1499867967320861E-004   1.2489548176096193E-002   9.5489969075795239E-002  0.23808965664267645     
   20.656381909547736        9.3947787241974084E-005   1.0540125817964097E-002   8.3264011466903348E-002  0.21442629291481691     
   20.807085427135675        7.6687779265143590E-005   8.8811364450822224E-003   7.2427587363492252E-002  0.19244657205337920     
   20.957788944723614        6.2525741128643389E-005   7.4690879388553746E-003   6.2829543637027752E-002  0.17207898957237816     
   21.108492462311553        5.0957372324432109E-005   6.2743420831809478E-003   5.4397161205522827E-002  0.15342407714989453     
   21.259195979899495        4.1495166131183586E-005   5.2625739430253553E-003   4.6987620525469502E-002  0.13635490605812703     
   21.409899497487434        3.2879693122882922E-005   4.2919915223964102E-003   3.9436785175377728E-002  0.11765043922522810     
   21.560603015075372        2.6728743169308616E-005   3.5887183684295055E-003   3.3910474829005832E-002  0.10391561400494073     
   21.711306532663315        2.1722770476822882E-005   2.9978805738591196E-003   2.9111788035720804E-002   9.1566298801310439E-002
   21.862010050251254        1.7645113465155421E-005   2.5013641986726615E-003   2.4946702398476794E-002   8.0478467923668154E-002
   22.012713567839192        1.4318919588438061E-005   2.0837181673187769E-003   2.1329996531853697E-002   7.0526309967043552E-002
   22.163417085427131        1.1609962676089989E-005   1.7333014789310921E-003   1.8200602266505432E-002   6.1637703975272344E-002
   22.314120603015073        9.4072089189342560E-006   1.4400534669038048E-003   1.5502535948837347E-002   5.3738092728519420E-002
   22.464824120603012        7.6168418486576743E-006   1.1949426969231262E-003   1.3180862272198439E-002   4.6738407651120931E-002
   22.615527638190951        6.0049836298150218E-006   9.6501275734410931E-004   1.0901090063522365E-002   3.9518144763987073E-002
   22.766231155778893        4.8582836335119695E-006   7.9940258028360356E-004   9.2430855061159060E-003   3.4237248153741622E-002
   22.916934673366832        3.9797871146596685E-006   6.7025833073107314E-004   7.9284549562121023E-003   2.9991272243872297E-002
   23.067638190954771        3.1856545722192458E-006   5.4896593264384529E-004   6.6400706641319409E-003   2.5637891075775444E-002
   23.218341708542710        2.5543045121780282E-006   4.5025874312936185E-004   5.5662561380055891E-003   2.1926281811402458E-002
   23.369045226130648        2.0589153142837499E-006   3.7115086016824603E-004   4.6873329749387710E-003   1.8828592106657820E-002
   23.519748743718591        1.6585483343624628E-006   3.0566436408641340E-004   3.9418715843736515E-003   1.6139437352341780E-002
   23.670452261306529        1.3350586825845717E-006   2.5148581250113427E-004   3.3103015268743175E-003   1.3808725699681564E-002
   23.821155778894468        1.0468211726627620E-006   2.0150082776215983E-004   2.7061191776711737E-003   1.1495888803218928E-002
   23.971859296482410        8.4139312773893996E-007   1.6545165102401464E-004   2.2661223643475384E-003   9.7995067134645352E-003
   24.122562814070346        6.7581072726091601E-007   1.3571009377120837E-004   1.8949593724496400E-003   8.3381408089456474E-003
   24.273266331658284        5.4275145833738551E-007   1.1125900816065649E-004   1.5832068502362664E-003   7.0857402716299487E-003
   24.423969849246230        4.3541472239138071E-007   9.1080096654736015E-005   1.3203339666234663E-003   6.0082207217282907E-003
   24.574673366834165        3.4920317196144263E-007   7.4512634759916823E-005   1.1000059757502029E-003   5.0876565723083555E-003
   24.725376884422104        2.7979361665851023E-007   6.0877026173667542E-005   9.1490555312158644E-004   4.2995134325032169E-003
   24.876080402010050        2.2494389144111047E-007   4.9885580682499705E-005   7.6298406752712297E-004   3.6420881593084440E-003
   25.026783919597985        1.7510338860925537E-007   3.9566665382794117E-005   6.1567611638511694E-004   2.9843950778929711E-003
   25.177487437185924        1.4011905520270750E-007   3.2253877488065931E-005   5.1045082084347259E-004   2.5119098585770438E-003
   25.328190954773866        1.1222141500066690E-007   2.6314021095161824E-005   4.2342515933567145E-004   2.1147059352893695E-003
   25.478894472361805        8.9578520641392820E-008   2.1396479614527611E-005   3.4996261466961029E-004   1.7733597781905525E-003
   25.629597989949744        7.1551946212663378E-008   1.7410119380736360E-005   2.8936637047450594E-004   1.4873150486074164E-003
   25.780301507537683        5.7061190364143314E-008   1.4146080298719229E-005   2.3885112867748595E-004   1.2448963923078454E-003
   25.931005025125625        4.5621389653566596E-008   1.1527783159078976E-005   1.9767684583076744E-004   1.0444236044734770E-003
   26.081708542713564        3.6198120373532142E-008   9.3274990492712042E-006   1.6239178269915431E-004   8.6949070081469100E-004
   26.232412060301503        2.8099834325682822E-008   7.3869651844117187E-006   1.3053412107681971E-004   7.0807891532793943E-004
   26.383115577889445        2.2321785024844956E-008   5.9879228179059093E-006   1.0736572572030430E-004   5.8988959288784073E-004
   26.533819095477384        1.7717680892135285E-008   4.8507926680976081E-006   8.8227248240227264E-005   4.9085597511752514E-004
   26.684522613065322        1.4054774099014709E-008   3.9281047336047449E-006   7.2449012129318231E-005   4.0806887298735139E-004
   26.835226130653265        1.1142569821175567E-008   3.1794252584396969E-006   5.9443690448304114E-005   3.3889872540863851E-004
   26.985929648241203        8.8315871041498262E-009   2.5719779988994064E-006   4.8727778483782771E-005   2.8114745161642203E-004
   27.136633165829139        7.0008400088054249E-009   2.0790033798756334E-006   3.9898916548208142E-005   2.3294473080755907E-004
   27.287336683417088        5.5555791724967278E-009   1.6802650951886327E-006   3.2652646568029373E-005   1.9287585786889608E-004
   27.438040201005023        4.3105234030256347E-009   1.3260938468794741E-006   2.6083918650779691E-005   1.5585207398610432E-004
   27.588743718592962        3.4300610291911330E-009   1.0718472697659299E-006   2.1330482208074513E-005   1.2888919110202340E-004
   27.739447236180904        2.7328813293685681E-009   8.6570194951018531E-007   1.7422908753873903E-005   1.0643986816208468E-004
   27.890150753768843        2.1819698278904557E-009   6.9870199441587561E-007   1.4215542389429170E-005   8.7781583072641932E-005
   28.040854271356778        1.7482317804462477E-009   5.6410076541916341E-007   1.1598503161465644E-005   7.2371554416362675E-005
   28.191557788944721        1.4046759600985579E-009   4.5538995385099239E-007   9.4595223738406340E-006   5.9621276798117884E-005
   28.342261306532663        1.1308039920081576E-009   3.6737119246305456E-007   7.7075089671694806E-006   4.9049824404472461E-005
   28.492964824120602        9.1327315816864146E-010   2.9642960375134793E-007   6.2802166979693897E-006   4.0339503848442644E-005
   28.643668341708544        7.3984026244097175E-010   2.3899359201132595E-007   5.1128497504523070E-006   3.3137759149740301E-005
   28.794371859296483        5.8794234716564760E-010   1.8823888725391717E-007   4.0666919047585712E-006   2.6588319173024687E-005
   28.945075376884418        4.7938100091496925E-010   1.5161256948688316E-007   3.3080688312615844E-006   2.1811669480559682E-005
   29.095778894472360        3.9159457009561322E-010   1.2207236031950611E-007   2.6903826264750402E-006   1.7883990192781090E-005
   29.246482412060299        3.2040300381594280E-010   9.8249903778781496E-008   2.1874643750958607E-006   1.4656489708817032E-005
   29.397185929648241        2.6268044164652897E-010   7.9010928492284758E-008   1.7774022551358731E-006   1.2002404691427255E-005
   29.547889447236177        2.1777747011995233E-010   6.4046245809573476E-008   1.4560309654831909E-006   9.9089097401331344E-006
   29.698592964824122        1.7786008976297267E-010   5.1043628032486146E-008   1.1728624425478687E-006   8.0431222944238289E-006
   29.849296482412058        1.5237571529302797E-010   4.2689242435814138E-008   9.9133664210320491E-007   6.8489319077040610E-006
   30.000000000000000        1.2031124241349063E-010   3.2956321072475581E-008   7.7328091376821968E-007   5.3809382842822195E-006
