   0.0000000000000000        0.0000000000000000     
   1.0000000000000000E-002   2.0482622047292381E-008
   2.0000000000000000E-002   3.1291033131838899E-007
   2.9999999999999999E-002  -3.5125064023592778E-008
   4.0000000000000001E-002  -3.3456728528909114E-007
   5.0000000000000003E-002  -2.5466557677893947E-007
   5.9999999999999998E-002   6.9077055675372580E-008
   7.0000000000000007E-002   3.5306754398360833E-007
   8.0000000000000002E-002   4.0939878602206382E-007
   8.9999999999999997E-002   2.2169138310788308E-007
  0.10000000000000001       -9.6787892936127405E-008
  0.11000000000000000       -3.8872096045340127E-007
  0.12000000000000000       -5.2862285327718635E-007
  0.13000000000000000       -4.6434481971441681E-007
  0.14000000000000001       -2.2191421407279618E-007
  0.14999999999999999        1.1604822496718531E-007
  0.16000000000000000        4.4406074545351512E-007
  0.17000000000000001        6.6691764576805186E-007
  0.17999999999999999        7.2371381490977382E-007
  0.19000000000000000        5.9902031087797833E-007
  0.20000000000000001        3.2149967989650249E-007
  0.20999999999999999       -4.7071300731645290E-008
  0.22000000000000000       -4.2814827551487403E-007
  0.23000000000000001       -7.4385019506027206E-007
  0.23999999999999999       -9.3195224505833126E-007
  0.25000000000000000       -9.5611906275691388E-007
  0.26000000000000001       -8.1036094678524475E-007
  0.27000000000000002       -5.1785992854556774E-007
  0.28000000000000003       -1.2518893546502397E-007
  0.28999999999999998        3.0652461611535539E-007
  0.29999999999999999        7.1175188357697487E-007
  0.31000000000000000        1.0303924974508923E-006
  0.32000000000000001        1.2159482281311092E-006
  0.33000000000000002        1.2411352200258668E-006
  0.34000000000000002        1.1004976226053809E-006
  0.35000000000000003        8.1002684320607967E-007
  0.35999999999999999        4.0415709802289868E-007
  0.37000000000000000       -6.9229341060632826E-008
  0.38000000000000000       -5.5500558764197900E-007
  0.39000000000000001       -9.9739273203149509E-007
  0.40000000000000002       -1.3461791714279685E-006
  0.41000000000000003       -1.5619341536779613E-006
  0.41999999999999998       -1.6197601985915724E-006
  0.42999999999999999       -1.5113280757971005E-006
  0.44000000000000000       -1.2451358884946720E-006
  0.45000000000000001       -8.4511172974731192E-007
  0.46000000000000002       -3.4782364116981351E-007
  0.47000000000000003        2.0133712431453094E-007
  0.47999999999999998        7.5257646007490043E-007
  0.48999999999999999        1.2562851994547605E-006
  0.50000000000000000        1.6673841984209393E-006
  0.51000000000000001        1.9490744118882099E-006
  0.52000000000000002        2.0757204422096327E-006
  0.53000000000000003        2.0346903673549802E-006
  0.54000000000000004        1.8270733735388927E-006
  0.55000000000000004        1.4672916638373089E-006
  0.56000000000000005        9.8170750450512637E-007
  0.57000000000000006        4.0639504110673568E-007
  0.57999999999999996       -2.1570358265939358E-007
  0.58999999999999997       -8.3798870096912496E-007
  0.59999999999999998       -1.4135216838661364E-006
  0.60999999999999999       -1.8982022521568254E-006
  0.62000000000000000       -2.2535803448771917E-006
  0.63000000000000000       -2.4491159666615485E-006
  0.64000000000000001       -2.4637467179990408E-006
  0.65000000000000002       -2.2866736238834835E-006
  0.66000000000000003       -1.9173275778364033E-006
  0.67000000000000004       -1.3645276957642135E-006
  0.68000000000000005       -6.4488618447280630E-007
  0.69000000000000006        2.1945034500601770E-007
  0.70000000000000007        1.2036074469374917E-006
  0.70999999999999996        2.2832063278437234E-006
  0.71999999999999997        3.4378686277854028E-006
  0.72999999999999998        4.6548724084404732E-006
  0.73999999999999999        5.9328440147277851E-006
  0.75000000000000000        7.2853930589168816E-006
  0.76000000000000001        8.7446264942009618E-006
  0.77000000000000002        1.0364510734813910E-005
  0.78000000000000003        1.2224086106243084E-005
  0.79000000000000004        1.4430573687353967E-005
  0.80000000000000004        1.7122449096875715E-005
  0.81000000000000005        2.0472589398811915E-005
  0.82000000000000006        2.4691626812945469E-005
  0.83000000000000007        3.0031665285279914E-005
  0.83999999999999997        3.6790532519668273E-005
  0.84999999999999998        4.5316750428450633E-005
  0.85999999999999999        5.6015411006114449E-005
  0.87000000000000000        6.9355142544607481E-005
  0.88000000000000000        8.5876343271491963E-005
  0.89000000000000001        1.0620084645094423E-004
  0.90000000000000002        1.3104316343890083E-004
  0.91000000000000003        1.6122342987778704E-004
  0.92000000000000004        1.9768215595657751E-004
  0.93000000000000005        2.4149685521492140E-004
  0.94000000000000006        2.9390059849132967E-004
  0.95000000000000007        3.5630251093445676E-004
  0.95999999999999996        4.3031020109740169E-004
  0.96999999999999997        5.1775408242037959E-004
  0.97999999999999998        6.2071351924541094E-004
  0.98999999999999999        7.4154470204703901E-004
   1.0000000000000000        8.8291012993437325E-004
   1.0100000000000000        1.0478095526473177E-003
   1.0200000000000000        1.2396121991633776E-003
   1.0300000000000000        1.4620900954890527E-003
   1.0400000000000000        1.7194522500741714E-003
   1.0500000000000000        2.0163794613519224E-003
   1.0600000000000001        2.3580594780216397E-003
   1.0700000000000001        2.7502222187206766E-003
   1.0800000000000001        3.1991747335982338E-003
   1.0900000000000001        3.7118355660418025E-003
   1.1000000000000001        4.2957681484913322E-003
   1.1100000000000001        4.9592128421209790E-003
   1.1200000000000001        5.7111172064816893E-003
   1.1300000000000001        6.5611640623613795E-003
   1.1400000000000001        7.5197968896807731E-003
   1.1500000000000001        8.5982420827290795E-003
   1.1599999999999999        9.8085275681793795E-003
   1.1699999999999999        1.1163497277782054E-002
   1.1799999999999999        1.2676820958181444E-002
   1.1899999999999999        1.4362998795706494E-002
   1.2000000000000000        1.6237360334988456E-002
   1.2100000000000000        1.8316057177579170E-002
   1.2200000000000000        2.0616048961040079E-002
   1.2300000000000000        2.3155082140817726E-002
   1.2400000000000000        2.5951661127059288E-002
   1.2500000000000000        2.9025011366730257E-002
   1.2600000000000000        3.2395034008148409E-002
   1.2700000000000000        3.6082251840388935E-002
   1.2800000000000000        4.0107746263841941E-002
   1.2900000000000000        4.4493085120209747E-002
   1.3000000000000000        4.9260241289960795E-002
   1.3100000000000001        5.4431502052078730E-002
   1.3200000000000001        6.0029369294056847E-002
   1.3300000000000001        6.6076450758530567E-002
   1.3400000000000001        7.2595342615650843E-002
   1.3500000000000001        7.9608503756007809E-002
   1.3600000000000001        8.7138122306340687E-002
   1.3700000000000001        9.5205974977986343E-002
   1.3800000000000001       0.10383327996454006     
   1.3900000000000001       0.11304054420906288     
   1.4000000000000001       0.12284740596080064     
   1.4099999999999999       0.13327247363532915     
   1.4199999999999999       0.14433316207880975     
   1.4299999999999999       0.15604552741526490     
   1.4399999999999999       0.16842410172413755     
   1.4500000000000000       0.18148172885270583     
   1.4600000000000000       0.19522940271312592     
   1.4700000000000000       0.20967610944604237     
   1.4800000000000000       0.22482867485113203     
   1.4900000000000000       0.24069161848903622     
   1.5000000000000000       0.25726701584849787     
   1.5100000000000000       0.27455436994704918     
   1.5200000000000000       0.29255049369316127     
   1.5300000000000000       0.31124940428274916     
   1.5400000000000000       0.33064223083355254     
   1.5500000000000000       0.35071713637792118     
   1.5600000000000001       0.37145925523856804     
   1.5700000000000001       0.39285064670392755     
   1.5800000000000001       0.41487026580090802     
   1.5900000000000001       0.43749395183429396     
   1.6000000000000001       0.46069443522516962     
   1.6100000000000001       0.48444136303693697     
   1.6200000000000001       0.50870134342832352     
   1.6300000000000001       0.53343800911977091     
   1.6400000000000001       0.55861209980440640     
   1.6500000000000001       0.58418156327903070     
   1.6600000000000001       0.61010167491591061     
   1.6699999999999999       0.63632517494409835     
   1.6799999999999999       0.66280242286129287     
   1.6899999999999999       0.68948156815514994     
   1.7000000000000000       0.71630873637814374     
   1.7100000000000000       0.74322822949360046     
   1.7200000000000000       0.77018273929386438     
   1.7300000000000000       0.79711357258559490     
   1.7400000000000000       0.82396088674297063     
   1.7500000000000000       0.85066393414799213     
   1.7600000000000000       0.87716131396854424     
   1.7700000000000000       0.90339122967029506     
   1.7800000000000000       0.92929175061782088     
   1.7900000000000000       0.95480107609410003     
   1.8000000000000000       0.97985780005557999     
   1.8100000000000001        1.0044011749423223     
   1.8200000000000001        1.0283713728791053     
   1.8300000000000001        1.0517097426333042     
   1.8400000000000001        1.0743590607385449     
   1.8500000000000001        1.0962637752486539     
   1.8600000000000001        1.1173702406538586     
   1.8700000000000001        1.1376269425694636     
   1.8800000000000001        1.1569847108954494     
   1.8900000000000001        1.1753969202427852     
   1.9000000000000001        1.1928196765273429     
   1.9100000000000001        1.2092119887443358     
   1.9199999999999999        1.2245359250538765     
   1.9299999999999999        1.2387567524303662     
   1.9399999999999999        1.2518430592539356     
   1.9500000000000000        1.2637668603497401     
   1.9600000000000000        1.2745036841096242     
   1.9700000000000000        1.2840326414589882     
   1.9800000000000000        1.2923364765590934     
   1.9900000000000000        1.2994015992598897     
   2.0000000000000000        1.3052180994401750     
   2.0100000000000002        1.3097797434894252     
   2.0200000000000000        1.3130839532980332     
   2.0300000000000002        1.3151317682292987     
   2.0400000000000000        1.3159277906466635     
   2.0499999999999998        1.3154801156625295     
   2.0600000000000001        1.3138002458603566     
   2.0699999999999998        1.3109029918188102     
   2.0800000000000001        1.3068063593354859     
   2.0899999999999999        1.3015314243077041     
   2.1000000000000001        1.2951021962789271     
   2.1099999999999999        1.2875454717014823     
   2.1200000000000001        1.2788906779994071     
   2.1299999999999999        1.2691697095394037     
   2.1400000000000001        1.2584167566333746     
   2.1499999999999999        1.2466681287028976     
   2.1600000000000001        1.2339620727346237     
   2.1699999999999999        1.2203385881463826     
   2.1800000000000002        1.2058392391668138     
   2.1899999999999999        1.1905069658076979     
   2.2000000000000002        1.1743858944774115     
   2.2100000000000000        1.1575211492475934     
   2.2200000000000002        1.1399586647428515     
   2.2300000000000000        1.1217450015763499     
   2.2400000000000002        1.1029271652025778     
   2.2500000000000000        1.0835524290034195     
   2.2600000000000002        1.0636681623650686     
   2.2700000000000000        1.0433216644423400     
   2.2800000000000002        1.0225600042437226     
   2.2900000000000000        1.0014298676060225     
   2.3000000000000003       0.97997741156187934     
   2.3100000000000001       0.95824812653768077     
   2.3199999999999998       0.93628670675362358     
   2.3300000000000001       0.91413692913264366     
   2.3399999999999999       0.89184154096090684     
   2.3500000000000001       0.86944215648007073     
   2.3599999999999999       0.84697916253092831     
   2.3700000000000001       0.82449163330962261     
   2.3799999999999999       0.80201725424185866     
   2.3900000000000001       0.77959225492744866     
   2.3999999999999999       0.75725135105766461     
   2.4100000000000001       0.73502769516109356     
   2.4199999999999999       0.71295283599051029     
   2.4300000000000002       0.69105668632345651     
   2.4399999999999999       0.66936749891322822     
   2.4500000000000002       0.64791185029448117     
   2.4600000000000000       0.62671463211906009     
   2.4700000000000002       0.60579904967259390     
   2.4800000000000000       0.58518662720119718     
   2.4900000000000002       0.56489721965978357     
   2.5000000000000000       0.54494903047946452     
   2.5100000000000002       0.52535863494059321     
   2.5200000000000000       0.50614100873063228     
   2.5300000000000002       0.48730956126158237     
   2.5400000000000000       0.46887617332036557     
   2.5500000000000003       0.45085123862692500     
   2.5600000000000001       0.43324370887883268     
   2.5699999999999998       0.41606114186758408     
   2.5800000000000001       0.39930975226041909     
   2.5899999999999999       0.38299446465211862     
   2.6000000000000001       0.36711896850365749     
   2.6099999999999999       0.35168577459864747     
   2.6200000000000001       0.33669627266387464     
   2.6299999999999999       0.32215078981687234     
   2.6400000000000001       0.30804864952101702     
   2.6499999999999999       0.29438823074704956     
   2.6600000000000001       0.28116702705888053     
   2.6699999999999999       0.26838170536099981     
   2.6800000000000002       0.25602816406446371     
   2.6899999999999999       0.24410159044828697     
   2.7000000000000002       0.23259651701279541     
   2.7100000000000000       0.22150687664112581     
   2.7200000000000002       0.21082605640434338     
   2.7300000000000000       0.20054694986457255     
   2.7400000000000002       0.19066200774889536     
   2.7500000000000000       0.18116328688459099     
   2.7600000000000002       0.17204249730338977     
   2.7700000000000000       0.16329104743879316     
   2.7800000000000002       0.15490008735608168     
   2.7900000000000000       0.14686054996936554     
   2.8000000000000003       0.13916319021387419     
   2.8100000000000001       0.13179862215463356     
   2.8199999999999998       0.12475735402468945     
   2.8300000000000001       0.11802982119714217     
   2.8399999999999999       0.11160641710539944     
   2.8500000000000001       0.10547752213531075     
   2.8599999999999999        9.9633530521166552E-002
   2.8700000000000001        9.4064875284977478E-002
   2.8799999999999999        8.8762051265047021E-002
   2.8900000000000001        8.3715636285559503E-002
   2.8999999999999999        7.8916310523871575E-002
   2.9100000000000001        7.4354874136345853E-002
   2.9199999999999999        7.0022263207035584E-002
   2.9300000000000002        6.5909564086269856E-002
   2.9399999999999999        6.2008026188339824E-002
   2.9500000000000002        5.8309073318995444E-002
   2.9600000000000000        5.4804313604455625E-002
   2.9700000000000002        5.1485548094104445E-002
   2.9800000000000000        4.8344778109063083E-002
   2.9900000000000002        4.5374211408425381E-002
   3.0000000000000000        4.2566267244178224E-002
   3.0100000000000002        3.9913580374719648E-002
   3.0200000000000000        3.7409004105503713E-002
   3.0300000000000002        3.5045612423695117E-002
   3.0400000000000000        3.2816701291866507E-002
   3.0500000000000003        3.0715789163738530E-002
   3.0600000000000001        2.8736616782783768E-002
   3.0700000000000003        2.6873146322226305E-002
   3.0800000000000001        2.5119559922586663E-002
   3.0899999999999999        2.3470257680484403E-002
   3.1000000000000001        2.1919855139932051E-002
   3.1099999999999999        2.0463180334858867E-002
   3.1200000000000001        1.9095270429116261E-002
   3.1299999999999999        1.7811367997738220E-002
   3.1400000000000001        1.6606916990797093E-002
   3.1499999999999999        1.5477558418801855E-002
   3.1600000000000001        1.4419125796247765E-002
   3.1699999999999999        1.3427640377661927E-002
   3.1800000000000002        1.2499306218285215E-002
   3.1899999999999999        1.1630505089420325E-002
   3.2000000000000002        1.0817791276428903E-002
   3.2100000000000000        1.0057886285419069E-002
   3.2200000000000002        9.3476734827873335E-003
   3.2300000000000000        8.6841926900091872E-003
   3.2400000000000002        8.0646347543757140E-003
   3.2500000000000000        7.4863361147650591E-003
   3.2600000000000002        6.9467733800166855E-003
   3.2700000000000000        6.4435579360310391E-003
   3.2800000000000002        5.9744305963536819E-003
   3.2900000000000000        5.5372563097121144E-003
   3.3000000000000003        5.1300189367573532E-003
   3.3100000000000001        4.7508161071090141E-003
   3.3200000000000003        4.3978541667210229E-003
   3.3300000000000001        4.0694432245550766E-003
   3.3399999999999999        3.7639923065870464E-003
   3.3500000000000001        3.4800046242504804E-003
   3.3599999999999999        3.2160729635618370E-003
   3.3700000000000001        2.9708752003523463E-003
   3.3799999999999999        2.7431699462592894E-003
   3.3900000000000001        2.5317923293938461E-003
   3.3999999999999999        2.3356499129133391E-003
   3.4100000000000001        2.1537187540657744E-003
   3.4199999999999999        1.9850396056475391E-003
   3.4300000000000002        1.8287142612342950E-003
   3.4399999999999999        1.6839020449730760E-003
   3.4500000000000002        1.5498164462025119E-003
   3.4600000000000000        1.4257218986648116E-003
   3.4700000000000002        1.3109307035929303E-003
   3.4800000000000000        1.2048000955219421E-003
   3.4900000000000002        1.1067294492422238E-003
   3.5000000000000000        1.0161576259240062E-003
   3.5100000000000002        9.3256045607645972E-004
   3.5200000000000000        8.5544835665905946E-004
   3.5300000000000002        7.8436407934813284E-004
   3.5400000000000000        7.1888058667752099E-004
   3.5500000000000003        6.5859905249639455E-004
   3.5600000000000001        6.0314698296322052E-004
   3.5700000000000003        5.5217645407149973E-004
   3.5800000000000001        5.0536246152349453E-004
   3.5899999999999999        4.6240137860544309E-004
   3.6000000000000001        4.2300951758390842E-004
   3.6099999999999999        3.8692179003338504E-004
   3.6200000000000001        3.5389046142415836E-004
   3.6299999999999999        3.2368399523744152E-004
   3.6400000000000001        2.9608598184240845E-004
   3.6499999999999999        2.7089414736045656E-004
   3.6600000000000001        2.4791943775340664E-004
   3.6699999999999999        2.2698517340753239E-004
   3.6800000000000002        2.0792626954205923E-004
   3.6899999999999999        1.9058851784968113E-004
   3.7000000000000002        1.7482792486975089E-004
   3.7100000000000000        1.6051010271059434E-004
   3.7200000000000002        1.4750970787066420E-004
   3.7300000000000000        1.3570992405194024E-004
   3.7400000000000002        1.2500198501849441E-004
   3.7500000000000000        1.1528473373065644E-004
   3.7600000000000002        1.0646421416545072E-004
   3.7700000000000000        9.8453292426423965E-005
   3.7800000000000002        9.1171303949934149E-005
   3.7900000000000000        8.4543723818543697E-005
   3.8000000000000003        7.8501857406476045E-005
   3.8100000000000001        7.2982548792751829E-005
   3.8200000000000003        6.7927904596977202E-005
   3.8300000000000001        6.3285031104346856E-005
   3.8399999999999999        5.9005782763398927E-005
   3.8500000000000001        5.5046520347408765E-005
   3.8599999999999999        5.1367877279669683E-005
   3.8700000000000001        4.7934532819395835E-005
   3.8799999999999999        4.4714991002226975E-005
   3.8900000000000001        4.1681364414062907E-005
   3.8999999999999999        3.8809162049371325E-005
   3.9100000000000001        3.6077080680656661E-005
   3.9199999999999999        3.3466799313340073E-005
   3.9300000000000002        3.0962776451327176E-005
   3.9399999999999999        2.8552050029102718E-005
   3.9500000000000002        2.6224039990478046E-005
   3.9600000000000000        2.3970353599401823E-005
   3.9700000000000002        2.1784593668909456E-005
   3.9800000000000000        1.9662169974552092E-005
   3.9900000000000002        1.7600114191796248E-005
   4.0000000000000000        1.5596898756950947E-005
   4.0099999999999998        1.3652260091750421E-005
   4.0200000000000005        1.1767026675381104E-005
   4.0300000000000002        9.9429524616498510E-006
   4.0400000000000000        8.1825561579594252E-006
   4.0499999999999998        6.4889668790340963E-006
   4.0600000000000005        4.8657766842860962E-006
   4.0700000000000003        3.3169004870802218E-006
   4.0800000000000001        1.8464437999615742E-006
   4.0899999999999999        4.5857874637334912E-007
   4.0999999999999996       -8.4257127234384515E-007
   4.1100000000000003       -2.0530379105399032E-006
   4.1200000000000001       -3.1691049203157865E-006
   4.1299999999999999       -4.1873956667580632E-006
   4.1399999999999997       -5.1049509389032860E-006
   4.1500000000000004       -5.9192969411180629E-006
   4.1600000000000001       -6.6285034145161023E-006
   4.1699999999999999       -7.2312319001041872E-006
   4.1799999999999997       -7.7267742236009746E-006
   4.1900000000000004       -8.1150813412014892E-006
   4.2000000000000002       -8.3967827542486157E-006
   4.2100000000000000       -8.5731967573845592E-006
   4.2199999999999998       -8.6463318433885765E-006
   4.2300000000000004       -8.6188796473672330E-006
   4.2400000000000002       -8.4941998580006853E-006
   4.2500000000000000       -8.2762975777487939E-006
   4.2599999999999998       -7.9697936519440769E-006
   4.2700000000000005       -7.5798885272410042E-006
   4.2800000000000002       -7.1123202327920929E-006
   4.2900000000000000       -6.5733171046871085E-006
   4.2999999999999998       -5.9695458977537731E-006
   4.3100000000000005       -5.3080559419853121E-006
   4.3200000000000003       -4.5962200182079327E-006
   4.3300000000000001       -3.8416726259781106E-006
   4.3399999999999999       -3.0522463217255269E-006
   4.3500000000000005       -2.2359067971764539E-006
   4.3600000000000003       -1.4006873582408838E-006
   4.3700000000000001       -5.5462344827311157E-007
   4.3799999999999999        2.9431216118964967E-007
   4.3899999999999997        1.1382729134223339E-006
   4.4000000000000004        1.9696001749177947E-006
   4.4100000000000001        2.7808825731021845E-006
   4.4199999999999999        3.5650124643534025E-006
   4.4299999999999997        4.3152390740086193E-006
   4.4400000000000004        5.0252178900379099E-006
   4.4500000000000002        5.6890559390003073E-006
   4.4600000000000000        6.3013526195098042E-006
   4.4699999999999998        6.8572358128185219E-006
   4.4800000000000004        7.3523930444279844E-006
   4.4900000000000002        7.7830975148933853E-006
   4.5000000000000000        8.1462288704292390E-006
   4.5099999999999998        8.4392886316258783E-006
   4.5200000000000005        8.6604102480908629E-006
   4.5300000000000002        8.8083637923558158E-006
   4.5400000000000000        8.8825553548142790E-006
   4.5499999999999998        8.8830212424533965E-006
   4.5600000000000005        8.8104171283225754E-006
   4.5700000000000003        8.6660023389408032E-006
   4.5800000000000001        8.4516194993962507E-006
   4.5899999999999999        8.1696697961727820E-006
   4.6000000000000005        7.8230841436788438E-006
   4.6100000000000003        7.4152905707261481E-006
   4.6200000000000001        6.9501781665426048E-006
   4.6299999999999999        6.4320579486379049E-006
   4.6399999999999997        5.8656210290341059E-006
   4.6500000000000004        5.2558944723513283E-006
   4.6600000000000001        4.6081952475693506E-006
   4.6699999999999999        3.9280826832853227E-006
   4.6799999999999997        3.2213098372946234E-006
   4.6900000000000004        2.4937741933334523E-006
   4.7000000000000002        1.7514680930678747E-006
   4.7100000000000000        1.0004293040523453E-006
   4.7199999999999998        2.4669211527420107E-007
   4.7300000000000004       -5.0376066154390746E-007
   4.7400000000000002       -1.2450444222715367E-006
   4.7500000000000000       -1.9714178879735319E-006
   4.7599999999999998       -2.6773262852904774E-006
   4.7700000000000005       -3.3574422889928352E-006
   4.7800000000000002       -4.0067044485280947E-006
   4.7900000000000000       -4.6203528487506092E-006
   4.7999999999999998       -5.1939617806498009E-006
   4.8100000000000005       -5.7234692267706453E-006
   4.8200000000000003       -6.2052029952754783E-006
   4.8300000000000001       -6.6359033675267345E-006
   4.8399999999999999       -7.0127421523761455E-006
   4.8500000000000005       -7.3333380723104543E-006
   4.8600000000000003       -7.5957684359979989E-006
   4.8700000000000001       -7.7985770809813817E-006
   4.8799999999999999       -7.9407786018694302E-006
   4.8899999999999997       -8.0218589033876471E-006
   4.9000000000000004       -8.0417721503825343E-006
   4.9100000000000001       -8.0009342073893912E-006
   4.9199999999999999       -7.9002126904434102E-006
   4.9299999999999997       -7.7409137725216591E-006
   4.9400000000000004       -7.5247659086387678E-006
   4.9500000000000002       -7.2539006645527398E-006
   4.9600000000000000       -6.9308308529309158E-006
   4.9699999999999998       -6.5584261931237585E-006
   4.9800000000000004       -6.1398867302057750E-006
   4.9900000000000002       -5.6787142536710664E-006
   5.0000000000000000       -5.1786819728336374E-006
   5.0099999999999998       -4.6438027077228343E-006
   5.0200000000000005       -4.0782958636049826E-006
   5.0300000000000002       -3.4865534579936381E-006
   5.0400000000000000       -2.8731054714075623E-006
   5.0499999999999998       -2.2425847916390338E-006
   5.0600000000000005       -1.5996920185959217E-006
   5.0700000000000003       -9.4916039156315022E-007
   5.0800000000000001       -2.9572109489354316E-007
   5.0899999999999999        3.5593081155458711E-007
   5.1000000000000005        1.0011696002375901E-006
   5.1100000000000003        1.6354709957436981E-006
   5.1200000000000001        2.2544429959600917E-006
   5.1299999999999999        2.8538551943161112E-006
   5.1399999999999997        3.4296664212731330E-006
   5.1500000000000004        3.9780505393442523E-006
   5.1600000000000001        4.4954202397482050E-006
   5.1699999999999999        4.9784487111548095E-006
   5.1799999999999997        5.4240890663227520E-006
   5.1900000000000004        5.8295914319800959E-006
   5.2000000000000002        6.1925176255825125E-006
   5.2100000000000000        6.5107533637783613E-006
   5.2199999999999998        6.7825179636522000E-006
   5.2300000000000004        7.0063715181310129E-006
   5.2400000000000002        7.1812195454024364E-006
   5.2500000000000000        7.3063151304986689E-006
   5.2599999999999998        7.3812585924041818E-006
   5.2700000000000005        7.4059947318296827E-006
   5.2800000000000002        7.3808077244866435E-006
   5.2900000000000000        7.3063137453443858E-006
   5.2999999999999998        7.1834514208723494E-006
   5.3100000000000005        7.0134702192513879E-006
   5.3200000000000003        6.7979169025637854E-006
   5.3300000000000001        6.5386201735215290E-006
   5.3399999999999999        6.2376736619979518E-006
   5.3500000000000005        5.8974174007637824E-006
   5.3600000000000003        5.5204179526941973E-006
   5.3700000000000001        5.1094473519631341E-006
   5.3799999999999999        4.6674610307656010E-006
   5.3899999999999997        4.1975749039578947E-006
   5.4000000000000004        3.7030417868747404E-006
   5.4100000000000001        3.1872273224859754E-006
   5.4199999999999999        2.6535855926408111E-006
   5.4299999999999997        2.1056345883758301E-006
   5.4400000000000004        1.5469317092627599E-006
   5.4500000000000002        9.8104945866934032E-007
   5.4600000000000000        4.1155149792162201E-007
   5.4699999999999998       -1.5803078632629238E-007
   5.4800000000000004       -7.2422105101809200E-007
   5.4900000000000002       -1.2836199620203640E-006
   5.5000000000000000       -1.8329262225490598E-006
   5.5099999999999998       -2.3689565425422686E-006
   5.5200000000000005       -2.8886644341853722E-006
   5.5300000000000002       -3.3891577324657911E-006
   5.5400000000000000       -3.8677147482593445E-006
   5.5499999999999998       -4.3217989732349757E-006
   5.5600000000000005       -4.7490722679408489E-006
   5.5700000000000003       -5.1474064761529032E-006
   5.5800000000000001       -5.5148934198645431E-006
   5.5899999999999999       -5.8498532420591806E-006
   5.6000000000000005       -6.1508410751395763E-006
   5.6100000000000003       -6.4166520262839739E-006
   5.6200000000000001       -6.6463244806602377E-006
   5.6299999999999999       -6.8391417357776997E-006
   5.6399999999999997       -6.9946319915214907E-006
   5.6500000000000004       -7.1125667294718501E-006
   5.6600000000000001       -7.1929575264593077E-006
   5.6699999999999999       -7.2360513555051669E-006
   5.6799999999999997       -7.2423244380436332E-006
   5.6900000000000004       -7.2124747175214501E-006
   5.7000000000000002       -7.1474130334377633E-006
   5.7100000000000000       -7.0482530806793729E-006
   5.7199999999999998       -6.9163002463741882E-006
   5.7300000000000004       -6.7530394216217393E-006
   5.7400000000000002       -6.5601218884989658E-006
   5.7500000000000000       -6.3393513895062076E-006
   5.7599999999999998       -6.0926694862478026E-006
   5.7700000000000005       -5.8221403201691070E-006
   5.7800000000000002       -5.5299348856874066E-006
   5.7900000000000000       -5.2183149308657772E-006
   5.7999999999999998       -4.8896165967329607E-006
   5.8100000000000005       -4.5462339090021666E-006
   5.8200000000000003       -4.1906022316508079E-006
   5.8300000000000001       -3.8251817924858550E-006
   5.8399999999999999       -3.4524413846728766E-006
   5.8500000000000005       -3.0748423476668633E-006
   5.8600000000000003       -2.6948229251441638E-006
   5.8700000000000001       -2.3147830942110896E-006
   5.8799999999999999       -1.9370699525927777E-006
   5.8899999999999997       -1.5639637492342418E-006
   5.9000000000000004       -1.1976646327575314E-006
   5.9100000000000001       -8.4028019008336155E-007
   5.9199999999999999       -4.9381383764221863E-007
   5.9299999999999997       -1.6015412395116643E-007
   5.9400000000000004        1.5893500863167812E-007
   5.9500000000000002        4.6182295858282169E-007
   5.9600000000000000        7.4702016255159885E-007
   5.9699999999999998        1.0131847263405523E-006
   5.9800000000000004        1.2591279706677974E-006
   5.9900000000000002        1.4838188771795520E-006
   6.0000000000000000        1.6863874306429296E-006
