  -5.0000000000000000       0.49999966482434732     
  -4.9000000000000004       0.50000180160185770     
  -4.7999999999999998       0.50000443573214348     
  -4.7000000000000002       0.50000813597232829     
  -4.5999999999999996       0.50001364755233191     
  -4.5000000000000000       0.50002201565574489     
  -4.4000000000000004       0.50003474077708743     
  -4.2999999999999998       0.50005398274775859     
  -4.2000000000000002       0.50008283146225896     
  -4.0999999999999996       0.50012566434520289     
  -4.0000000000000000       0.50018861275910542     
  -3.8999999999999999       0.50028016125505637     
  -3.7999999999999998       0.50041190413470704     
  -3.7000000000000002       0.50059948243639363     
  -3.5999999999999996       0.50086372028767845     
  -3.5000000000000000       0.50123197162011657     
  -3.3999999999999999       0.50173967557034616     
  -3.2999999999999998       0.50243210067970923     
  -3.2000000000000002       0.50336623373577538     
  -3.0999999999999996       0.50461273875170054     
  -3.0000000000000000       0.50625787584045179     
  -2.8999999999999999       0.50840523021086637     
  -2.7999999999999998       0.51117706086479886     
  -2.6999999999999997       0.51471504062949991     
  -2.5999999999999996       0.51918012882645770     
  -2.5000000000000000       0.52475130092750788     
  -2.3999999999999999       0.53162286218479393     
  -2.2999999999999998       0.54000010044884750     
  -2.1999999999999997       0.55009309220606351     
  -2.0999999999999996       0.56210856833453604     
  -2.0000000000000000       0.57623987237511798     
  -1.8999999999999999       0.59265520070817779     
  -1.7999999999999998       0.61148449310083663     
  -1.6999999999999997       0.63280553140045992     
  -1.5999999999999996       0.65662998742248169     
  -1.5000000000000000       0.68289031902759922     
  -1.3999999999999999       0.71142852534908030     
  -1.2999999999999998       0.74198781825955806     
  -1.1999999999999997       0.77420823090470292     
  -1.0999999999999996       0.80762705477910646     
  -1.0000000000000000       0.84168477178936796     
 -0.89999999999999947       0.87573683416488013     
 -0.79999999999999982       0.90907126039528996     
 -0.70000000000000018       0.94093158679506372     
 -0.59999999999999964       0.97054427687590061     
 -0.50000000000000000       0.99714928426609573     
 -0.39999999999999947        1.0200321300132897     
 -0.29999999999999982        1.0385556285364710     
 -0.19999999999999929        1.0521893068364121     
  -9.9999999999999645E-002   1.0605346254172754     
   0.0000000000000000        1.0633443399313096     
  0.10000000000000053        1.0605346365651926     
  0.20000000000000018        1.0521893178183577     
  0.30000000000000071        1.0385556392472699     
  0.40000000000000036        1.0200321403556933     
  0.50000000000000000       0.99714929415340525     
  0.60000000000000053       0.97054428623408984     
  0.70000000000000018       0.94093159556431605     
  0.80000000000000071       0.90907126853090414     
  0.90000000000000036       0.87573684163753951     
   1.0000000000000000       0.84168477858480006     
   1.1000000000000005       0.80762706089719882     
   1.2000000000000002       0.77420823635816194     
   1.3000000000000007       0.74198782307221767     
   1.4000000000000004       0.71142852955397673     
   1.5000000000000000       0.68289032266492788     
   1.6000000000000005       0.65662999053754512     
   1.7000000000000002       0.63280553404170259     
   1.8000000000000007       0.61148449531804649     
   1.9000000000000004       0.59265520255091075     
   2.0000000000000000       0.57623987389138298     
   2.1000000000000005       0.56210856956975774     
   2.2000000000000002       0.55009309320232147     
   2.3000000000000007       0.54000010124437603     
   2.4000000000000004       0.53162286281371596     
   2.5000000000000000       0.52475130141976833     
   2.6000000000000005       0.51918012920791878     
   2.7000000000000002       0.51471504092215925     
   2.8000000000000007       0.51117706108709482     
   2.9000000000000004       0.50840523037803620     
   3.0000000000000000       0.50625787596491501     
   3.0999999999999996       0.50461273884344526     
   3.2000000000000011       0.50336623380272971     
   3.3000000000000007       0.50243210072808542     
   3.4000000000000004       0.50173967560495147     
   3.5000000000000000       0.50123197164462474     
   3.5999999999999996       0.50086372030486281     
   3.7000000000000011       0.50059948244832286     
   3.8000000000000007       0.50041190414290559     
   3.9000000000000004       0.50028016126063490     
   4.0000000000000000       0.50018861276286330     
   4.0999999999999996       0.50012566434770878     
   4.2000000000000011       0.50008283146391297     
   4.3000000000000007       0.50005398274883883     
   4.4000000000000004       0.50003474077778498     
   4.5000000000000000       0.50002201565618942     
   4.6000000000000014       0.50001364755260991     
   4.7000000000000011       0.50000813597249671     
   4.8000000000000007       0.50000443573223841     
   4.9000000000000004       0.50000180160190022     
   5.0000000000000000       0.49999966482434732     
