  -5.0000000000000000        1.4999972863509921     
  -4.9000000000000004        1.5000117020108921     
  -4.7999999999999998        1.5000291741394431     
  -4.7000000000000002        1.5000531120179221     
  -4.5999999999999996        1.5000878336410506     
  -4.5000000000000000        1.5001391859930702     
  -4.4000000000000004        1.5002152786707339     
  -4.2999999999999998        1.5003273918997970     
  -4.2000000000000002        1.5004911129176737     
  -4.0999999999999996        1.5007277483160573     
  -4.0000000000000000        1.5010660507171043     
  -3.8999999999999999        1.5015442830745616     
  -3.7999999999999998        1.5022126202304118     
  -3.7000000000000002        1.5031358527582261     
  -3.5999999999999996        1.5043963108348826     
  -3.5000000000000000        1.5060968651668909     
  -3.3999999999999999        1.5083637886525294     
  -3.2999999999999998        1.5113491793763494     
  -3.2000000000000002        1.5152325582100499     
  -3.0999999999999996        1.5202211712068316     
  -3.0000000000000000        1.5265484596380727     
  -2.8999999999999999        1.5344701231200717     
  -2.7999999999999998        1.5442572097633220     
  -2.6999999999999997        1.5561857378157602     
  -2.5999999999999996        1.5705225000959675     
  -2.5000000000000000        1.5875069352595530     
  -2.3999999999999999        1.6073292707438276     
  -2.2999999999999998        1.6301055429298228     
  -2.1999999999999997        1.6558505600040252     
  -2.0999999999999996        1.6844503580279655     
  -2.0000000000000000        1.7156361637507249     
  -1.8999999999999999        1.7489622613863904     
  -1.7999999999999998        1.7837904021850166     
  -1.6999999999999997        1.8192834339193988     
  -1.5999999999999996        1.8544106110828977     
  -1.5000000000000000        1.8879665432679071     
  -1.3999999999999999        1.9186049437847275     
  -1.2999999999999998        1.9448872816061127     
  -1.1999999999999997        1.9653451821974162     
  -1.0999999999999996        1.9785540665904040     
  -1.0000000000000000        1.9832141911728893     
 -0.89999999999999947        1.9782340974795307     
 -0.79999999999999982        1.9628106467743116     
 -0.70000000000000018        1.9364994258942640     
 -0.59999999999999964        1.8992694605110076     
 -0.50000000000000000        1.8515369003278461     
 -0.39999999999999947        1.7941736269041326     
 -0.29999999999999982        1.7284884932234874     
 -0.19999999999999929        1.6561809896729620     
  -9.9999999999999645E-002   1.5792693524881019     
   0.0000000000000000        1.4999973018511055     
  0.10000000000000053        1.4207252507505199     
  0.20000000000000018        1.3438136431930316     
  0.30000000000000071        1.2715061674963051     
  0.40000000000000036        1.2058210591184351     
  0.50000000000000000        1.1484578077918068     
  0.60000000000000053        1.1007252659958540     
  0.70000000000000018        1.0634953149540687     
  0.80000000000000071        1.0371841042094485     
  0.90000000000000036        1.0217606594455453     
   1.0000000000000000        1.0167805676705841     
   1.1000000000000005        1.0214406904579283     
   1.2000000000000002        1.0346495697626805     
   1.3000000000000007        1.0551074624733328     
   1.4000000000000004        1.0813897901704164     
   1.5000000000000000        1.1120281788849229     
   1.6000000000000005        1.1455840981437473     
   1.7000000000000002        1.1807112617757969     
   1.8000000000000007        1.2162042798377977     
   1.9000000000000004        1.2510324072201675     
   2.0000000000000000        1.2843584920181830     
   2.1000000000000005        1.3155442857277613     
   2.2000000000000002        1.3441440727346841     
   2.3000000000000007        1.3698890798915682     
   2.4000000000000004        1.3926653433038445     
   2.5000000000000000        1.4124876711522956     
   2.6000000000000005        1.4294720997732540     
   2.7000000000000002        1.4438088565307525     
   2.8000000000000007        1.4557373799881650     
   2.9000000000000004        1.4655244628613013     
   3.0000000000000000        1.4734461232917715     
   3.0999999999999996        1.4797734092856580     
   3.2000000000000011        1.4847620203607608     
   3.3000000000000007        1.4886453976985328     
   3.4000000000000004        1.4916307872723411     
   3.5000000000000000        1.4938977098847310     
   3.5999999999999996        1.4955982635616634     
   3.7000000000000011        1.4968587211527751     
   3.8000000000000007        1.4977819533249479     
   3.9000000000000004        1.4984502902233461     
   4.0000000000000000        1.4989285223965820     
   4.0999999999999996        1.4992668246673104     
   4.2000000000000011        1.4995034599745389     
   4.3000000000000007        1.4996671809293480     
   4.4000000000000004        1.4997792941152237     
   4.5000000000000000        1.4998553867635755     
   4.6000000000000014        1.4999067390958136     
   4.7000000000000011        1.4999414607055668     
   4.8000000000000007        1.4999653985748247     
   4.9000000000000004        1.4999828706966452     
   5.0000000000000000        1.4999972863509921     
