  -5.0000000000000000        2.4999903362104376     
  -4.9000000000000004        2.4999232326059557     
  -4.7999999999999998        2.4998432880347123     
  -4.7000000000000002        2.4997365599625345     
  -4.5999999999999996        2.4995860346547718     
  -4.5000000000000000        2.4993695600984895     
  -4.4000000000000004        2.4990575886497015     
  -4.2999999999999998        2.4986105986475002     
  -4.2000000000000002        2.4979761246368577     
  -4.0999999999999996        2.4970853865173726     
  -4.0000000000000000        2.4958495790628192     
  -3.8999999999999999        2.4941559711258963     
  -3.7999999999999998        2.4918640712643225     
  -3.7000000000000002        2.4888022424755860     
  -3.5999999999999996        2.4847652876141932     
  -3.5000000000000000        2.4795136679173178     
  -3.3999999999999999        2.4727751429841480     
  -3.2999999999999998        2.4642497087483926     
  -3.2000000000000002        2.4536187327147627     
  -3.0999999999999996        2.4405591124625055     
  -3.0000000000000000        2.4247630843256949     
  -2.8999999999999999        2.4059639599676963     
  -2.7999999999999998        2.3839675564418794     
  -2.6999999999999997        2.3586884151991865     
  -2.5999999999999996        2.3301891058851605     
  -2.5000000000000000        2.2987200379334300     
  -2.3999999999999999        2.2647563420997110     
  -2.2999999999999998        2.2290276462657186     
  -2.1999999999999997        2.1925360839189127     
  -2.0999999999999996        2.1565577728535459     
  -2.0000000000000000        2.1226234052231985     
  -1.8999999999999999        2.0924745825677769     
  -1.7999999999999998        2.0679941389189334     
  -1.6999999999999997        2.0511108749257159     
  -1.5999999999999996        2.0436817434162027     
  -1.5000000000000000        2.0473573622304206     
  -1.3999999999999999        2.0634394890333709     
  -1.2999999999999998        2.0927414319293658     
  -1.1999999999999997        2.1354639357408236     
  -1.0999999999999996        2.1910995607801098     
  -1.0000000000000000        2.2583777303042276     
 -0.89999999999999947        2.3352603689833460     
 -0.79999999999999982        2.4189944576685698     
 -0.70000000000000018        2.5062231381973250     
 -0.59999999999999964        2.5931516318003087     
 -0.50000000000000000        2.6757587317303058     
 -0.39999999999999947        2.7500396107583542     
 -0.29999999999999982        2.8122617567193715     
 -0.19999999999999929        2.8592135358671968     
  -9.9999999999999645E-002   2.8884245424361481     
   0.0000000000000000        2.8983386723307323     
  0.10000000000000053        2.8884245536967645     
  0.20000000000000018        2.8592135462809933     
  0.30000000000000071        2.8122617657720470     
  0.40000000000000036        2.7500396180072246     
  0.50000000000000000        2.6757587368257902     
  0.60000000000000053        2.5931516345010333     
  0.70000000000000018        2.5062231383780125     
  0.80000000000000071        2.4189944553205187     
  0.90000000000000036        2.3352603642078629     
   1.0000000000000000        2.2583777232999345     
   1.1000000000000005        2.1910995518254386     
   1.2000000000000002        2.1354639251732883     
   1.3000000000000007        2.0927414201233154     
   1.4000000000000004        2.0634394763778641     
   1.5000000000000000        2.0473573491086965     
   1.6000000000000005        2.0436817301879229     
   1.7000000000000002        2.0511108619128056     
   1.8000000000000007        2.0679941263954649     
   1.9000000000000004        2.0924745707539909     
   2.0000000000000000        2.1226233942834196     
   2.1000000000000005        2.1565577628975166     
   2.2000000000000002        2.1925360750058864     
   2.3000000000000007        2.2290276384105736     
   2.4000000000000004        2.2647563352803330     
   2.5000000000000000        2.2987200320986512     
   2.6000000000000005        2.3301891009626630     
   2.7000000000000002        2.3586884111028770     
   2.8000000000000007        2.3839675530784064     
   2.9000000000000004        2.4059639572418936     
   3.0000000000000000        2.4247630821448749     
   3.0999999999999996        2.4405591107396085     
   3.2000000000000011        2.4536187313704607     
   3.3000000000000007        2.4642497077122800     
   3.4000000000000004        2.4727751421951862     
   3.5000000000000000        2.4795136673237042     
   3.5999999999999996        2.4847652871728223     
   3.7000000000000011        2.4888022421512459     
   3.8000000000000007        2.4918640710287443     
   3.9000000000000004        2.4941559709567591     
   4.0000000000000000        2.4958495789427797     
   4.0999999999999996        2.4970853864331586     
   4.2000000000000011        2.4979761245784662     
   4.3000000000000007        2.4986105986075020     
   4.4000000000000004        2.4990575886226614     
   4.5000000000000000        2.4993695600804933     
   4.6000000000000014        2.4995860346430514     
   4.7000000000000011        2.4997365599551773     
   4.8000000000000007        2.4998432880304495     
   4.9000000000000004        2.4999232326040102     
   5.0000000000000000        2.4999903362104376     
