  -5.0000000000000000        3.4999765280993897     
  -4.9000000000000004        3.4997282193232073     
  -4.7999999999999998        3.4994375077545001     
  -4.7000000000000002        3.4990596979606852     
  -4.5999999999999996        3.4985424695448590     
  -4.5000000000000000        3.4978206883353393     
  -4.4000000000000004        3.4968113421557603     
  -4.2999999999999998        3.4954084367843294     
  -4.2000000000000002        3.4934779120266750     
  -4.0999999999999996        3.4908528480069410     
  -4.0000000000000000        3.4873294446329952     
  -3.8999999999999999        3.4826644746335051     
  -3.7999999999999998        3.4765751216138581     
  -3.7000000000000002        3.4687422961964058     
  -3.5999999999999996        3.4588186413817930     
  -3.5000000000000000        3.4464424496738824     
  -3.3999999999999999        3.4312585710532821     
  -3.2999999999999998        3.4129470455179427     
  -3.2000000000000002        3.3912596093511804     
  -3.0999999999999996        3.3660633835429872     
  -3.0000000000000000        3.3373899705642325     
  -2.8999999999999999        3.3054869187955633     
  -2.7999999999999998        3.2708671685629143     
  -2.6999999999999997        3.2343508270179799     
  -2.5999999999999996        3.1970926321991140     
  -2.5000000000000000        3.1605879879761294     
  -2.3999999999999999        3.1266507096989957     
  -2.2999999999999998        3.0973568074132056     
  -2.1999999999999997        3.0749508636200580     
  -2.0999999999999996        3.0617148305555708     
  -2.0000000000000000        3.0598032199691021     
  -1.8999999999999999        3.0710533587506355     
  -1.7999999999999998        3.0967841456818124     
  -1.6999999999999997        3.1376009495549968     
  -1.5999999999999996        3.1932272558985191     
  -1.5000000000000000        3.2623847456716675     
  -1.3999999999999999        3.3427421557404884     
  -1.2999999999999998        3.4309492491252405     
  -1.1999999999999997        3.5227655625128871     
  -1.0999999999999996        3.6132847282636709     
  -1.0000000000000000        3.6972448952625196     
 -0.89999999999999947        3.7694052209736717     
 -0.79999999999999982        3.8249588940657082     
 -0.70000000000000018        3.8599460160365773     
 -0.59999999999999964        3.8716260938881275     
 -0.50000000000000000        3.8587706843384066     
 -0.39999999999999947        3.8218421758671468     
 -0.29999999999999982        3.7630344831929268     
 -0.19999999999999929        3.6861646341798426     
  -9.9999999999999645E-002   3.5964194067546034     
   0.0000000000000000        3.4999765205981603     
  0.10000000000000053        3.4035336349636349     
  0.20000000000000018        3.3137883940634829     
  0.30000000000000071        3.2369185335086761     
  0.40000000000000036        3.1781108320046991     
  0.50000000000000000        3.1411823179887612     
  0.60000000000000053        3.1283269065088484     
  0.70000000000000018        3.1400069861141193     
  0.80000000000000071        3.1749941133381747     
  0.90000000000000036        3.2305477947713896     
   1.0000000000000000        3.3027081313171469     
   1.1000000000000005        3.3866683109223032     
   1.2000000000000002        3.4771874902642042     
   1.3000000000000007        3.5690038174377294     
   1.4000000000000004        3.6572109240664497     
   1.5000000000000000        3.7375683462006375     
   1.6000000000000005        3.8067258463575255     
   1.7000000000000002        3.8623521610531317     
   1.8000000000000007        3.9031689710548081     
   1.9000000000000004        3.9288997618493671     
   2.0000000000000000        3.9401499023200675     
   2.1000000000000005        3.9382382914465772     
   2.2000000000000002        3.9250022563947486     
   2.3000000000000007        3.9025963092374312     
   2.4000000000000004        3.8733024025532705     
   2.5000000000000000        3.8393651191805804     
   2.6000000000000005        3.8028604694765589     
   2.7000000000000002        3.7656022690635131     
   2.8000000000000007        3.7290859220357855     
   2.9000000000000004        3.6944661666051095     
   3.0000000000000000        3.6625631100463156     
   3.0999999999999996        3.6338896927623541     
   3.2000000000000011        3.6086934631710412     
   3.3000000000000007        3.5870060237479904     
   3.4000000000000004        3.5686944954632436     
   3.5000000000000000        3.5535106145628403     
   3.5999999999999996        3.5411344209966904     
   3.7000000000000011        3.5312107646920774     
   3.8000000000000007        3.5233779380985557     
   3.9000000000000004        3.5172885841646151     
   4.0000000000000000        3.5126236134646969     
   4.0999999999999996        3.5091002095617250     
   4.2000000000000011        3.5064751451478475     
   4.3000000000000007        3.5045446201003321     
   4.4000000000000004        3.5031417145182604     
   4.5000000000000000        3.5021323681871315     
   4.6000000000000014        3.5014105868692389     
   4.7000000000000011        3.5008933583757531     
   4.8000000000000007        3.5005155485252115     
   4.9000000000000004        3.5002248369128548     
   5.0000000000000000        3.4999765280993897     
